     0.26     0.26     0.26
     0.90     1.04     1.29
     1.91     2.08     2.33
     2.94     3.10     3.35
     4.45     4.65     4.90
     5.99     6.18     6.43
     7.54     7.74     7.99
     9.09     9.29     9.54
    10.64    10.84    11.08
    12.18    12.52    12.76
    13.86    14.00    14.24
    15.34    15.50    15.75
    16.84    16.99    17.23
    18.34    18.48    18.72
    19.82    19.94    20.18
    21.30    21.46    21.71
    22.80    22.91    23.16
    24.26    24.40    24.65
    25.76    25.87    26.12
    27.34    27.49    27.77
    28.92    29.05    29.31
    30.42    30.54    30.79
    31.90    32.01    32.26
    33.37    33.57    33.82
    34.95    35.08    35.33
    36.46    36.58    36.83
    37.96    38.08    38.33
    39.45    39.57    39.81
    40.94    41.06    41.31
    42.44    42.55    42.80
    43.93    44.04    44.29
    45.42    45.55    45.79
    46.92    47.08    47.32
    48.44    48.59    48.84
    49.96    50.08    50.32
    51.45    51.55    51.80
    52.93    53.06    53.31
    54.44    54.55    54.80
    55.93    56.04    56.29
    57.55    57.67    57.94
    59.07    59.19    59.45
    60.58    60.70    60.95
    62.07    62.19    62.43
    63.56    63.67    63.92
    65.05    65.17    65.42
    66.55    66.66    66.91
    68.05    68.16    68.41
    69.55    69.65    69.90
    71.04    71.16    71.40
    72.53    72.65    72.90
    74.05    74.17    74.41
    75.55    75.67    75.92
    77.06    77.19    77.44
    78.59    78.71    78.96
    80.11    80.23    80.48
    81.62    81.75    82.00
    83.14    83.27    83.52
    84.66    84.78    85.02
    86.16    86.27    86.52
    87.90    88.03    88.28
    89.42    89.54    89.79
    90.93    91.05    91.30
    92.44    92.57    92.82
    93.96    94.07    94.31
    95.45    95.57    95.81
    96.95    97.07    97.31
    98.46    98.56    98.80
    99.94   100.06   100.31
   101.45   101.57   101.81
   102.95   103.07   103.31
   104.46   104.57   104.82
   105.95   106.06   107.04
   108.50   108.63   108.87
   110.01   110.13   110.38
   111.54   111.66   111.92
   113.06   113.18   113.43
   114.57   114.70   114.94
   116.09   116.21   116.46
   117.77   117.90   118.15
   119.30   119.42   119.67
   120.82   120.97   121.22
   122.36   122.48   122.73
   123.88   124.00   124.24
   125.39   125.51   125.76
   126.91   127.02   127.27
   128.42   128.54   128.78
   129.93   130.06   130.31
   131.45   131.57   131.81
   132.97   133.07   133.32
   134.46   134.58   134.83
   135.98   136.10   136.35
   137.49   137.60   137.85
   139.00   139.11   139.36
   140.50   140.62   140.87
   142.02   142.13   142.38
   143.53   143.65   143.90
   145.05   145.16   145.41
   146.55   146.79   147.11
   148.43   148.57   148.82
   149.97   150.09   150.34
