-126.69904743   -126.69904743   -126.69904743   -126.69889987
-128.51859576   -128.51859576   -128.51527065   -128.51277349
-128.81545362   -128.81545362   -128.81780411   -128.82363294
-128.87368102   -128.87368102   -128.87284848   -128.87279078
-128.88706007   -128.88653479   -128.88790670   -128.88839163
-128.89033546   -128.89036868   -128.89161668   -128.89022881
-128.89457624   -128.89416130   -128.89553970   -128.89122577
-128.89785539   -128.89658444   -128.89619740   -128.89519587
-128.89895514   -128.89726332   -128.89839692   -128.89839296
-128.89816789   -128.89869142   -128.89976824   -128.89844730
-128.90026396   -128.90044377   -128.89965084   -128.90143973
-128.90020690   -128.90193668   -128.90326001   -128.90119769
-128.90326290   -128.90404786   -128.90340591   -128.90328144
-128.90148433   -128.90383638   -128.90478450   -128.90373886
-128.90233637   -128.90565935   -128.90564643   -128.90599338
-128.90467663   -128.90539969   -128.90505035   -128.90592095
-128.90473338   -128.90653063   -128.90679645   -128.90685498
-128.90595924   -128.90630090   -128.90605432   -128.90753883
-128.90531027   -128.90623687   -128.90727324   -128.90697626
-128.90632279   -128.90599484   -128.90683970   -128.90645636
-128.90574750   -128.90725457   -128.90634396   -128.90710717
-128.90522086   -128.90746095   -128.90658244   -128.90676134
-128.90434493   -128.90579499   -128.90774192   -128.90719160
-128.90316339   -128.90506179   -128.90821517   -128.90707754
-128.90598575   -128.90666196   -128.90697059   -128.90804072
-128.90524125   -128.90699180   -128.90631805   -128.90874512
-128.90603081   -128.90726045   -128.90760704   -128.90828211
-128.90632940   -128.90661223   -128.90707953   -128.90716232
-128.90636202   -128.90701994   -128.90676225   -128.90852800
-128.90492332   -128.90593379   -128.90705379   -128.90939294
-128.90466270   -128.90574894   -128.90593755   -128.90899141
-128.90539415   -128.90678663   -128.90759845   -128.90880046
-128.90621368   -128.90680435   -128.90640817   -128.90858979
-128.90671128   -128.90586286   -128.90676068   -128.90796547
-128.90597876   -128.90656336   -128.90624186   -128.90795594
-128.90689879   -128.90624954   -128.90753517   -128.90751083
-128.90534106   -128.90610953   -128.90857786   -128.90882015
-128.90522151   -128.90765863   -128.90729400   -128.90742237
-128.90584157   -128.90662814   -128.90763444   -128.90833863
-128.90525903   -128.90609179   -128.90844901   -128.91019219
-128.90704600   -128.90604298   -128.90673697   -128.90737196
-128.90526835   -128.90586223   -128.90779158   -128.90768128
-128.90562183   -128.90678723   -128.90576786   -128.90929353
-128.90636270   -128.90717309   -128.90855965   -128.90610134
-128.90705813   -128.90656097   -128.90759364
-128.90509006   -128.90809474   -128.90763914
-128.90544640   -128.90704788   -128.90633517
-128.90560698   -128.90762381   -128.90696064
-128.90526613   -128.90571884   -128.90740499
-128.90614350   -128.90709291   -128.90703622
