 -75.47034421   -75.47034421    -75.47034421    -75.47034421    -75.47034421    -75.47034421
 -75.57919188   -75.57739414    -75.57690711    -75.58348690    -75.44298220    -75.51658657
 -75.60312153   -75.60458197    -75.60431821    -75.60492703    -75.49809514    -75.54263967
 -75.61344131   -75.61327710    -75.61211250    -75.61359479    -75.53028549    -75.56192053
 -75.61861340   -75.61826691    -75.61786628    -75.61937372    -75.51305493    -75.57322127
 -75.62331605   -75.62345967    -75.62234141    -75.62328850    -75.54934449    -75.58286868
 -75.62628864   -75.62559797    -75.62492159    -75.62560124    -75.55609690    -75.58934191
 -75.62733928   -75.62660305    -75.62655420    -75.62737812    -75.57026696    -75.59353264
 -75.62713202   -75.62744722    -75.62700808    -75.62717430    -75.58480938    -75.59734445
 -75.62781272   -75.62788631    -75.62845539    -75.62789601    -75.58090253    -75.60041595
 -75.62838560   -75.62775177    -75.62787016    -75.62787474    -75.59005498    -75.60178350
 -75.62821409   -75.62820478    -75.62868704    -75.62806150    -75.59212210    -75.60519407
 -75.62837552   -75.62837088    -75.62883637    -75.62830747    -75.59362580    -75.60562002
 -75.62873296   -75.62889622    -75.62850838    -75.62858871    -75.59995642    -75.60752246
 -75.62805885   -75.62901344    -75.62930314    -75.62873491    -75.59775243    -75.60948735
 -75.62842035   -75.62933679    -75.62887305    -75.62877729    -75.59901389    -75.60969644
 -75.62823337   -75.62960375    -75.62916298    -75.62848065    -75.60513924    -75.61062930
 -75.62910853   -75.62927871    -75.62962288    -75.62926371    -75.60563119    -75.61146123
 -75.62887335   -75.62921714    -75.62894576    -75.62866578    -75.60536014    -75.61235012
 -75.62916186   -75.62981743    -75.62941081    -75.62873310    -75.60668701    -75.61267657
 -75.62913573   -75.62951659    -75.62915625    -75.62894490    -75.60767029    -75.61383185
 -75.62908179   -75.62940845    -75.62845910    -75.62871284    -75.60731532    -75.61478164
 -75.62845526   -75.62937424    -75.62934734    -75.62970226    -75.61071343    -75.61511384
 -75.62906766   -75.62932122    -75.62987698    -75.62852832    -75.61166621    -75.61564246
 -75.63003942   -75.62962709    -75.62918382    -75.62943650    -75.61204087    -75.61481980
 -75.62880787   -75.62920251    -75.62992574    -75.62876522    -75.61249601    -75.61647531
 -75.63005527   -75.62921758    -75.62949120    -75.62858085    -75.61467544    -75.61682665
 -75.62993846   -75.62895811    -75.62926611    -75.62910300    -75.61595592    -75.61662644
 -75.62907743   -75.62918612    -75.62947672    -75.62910786    -75.61699812    -75.61727959
 -75.62909157   -75.62963426    -75.62954963    -75.62963186    -75.61810059    -75.61773033
 -75.62883214   -75.63020142    -75.62965633    -75.62946670    -75.61789168    -75.61814329
 -75.62917822   -75.62970394    -75.63009281    -75.62974780    -75.61846472    -75.61773352
 -75.62990292   -75.62957187    -75.63014322    -75.62933947    -75.61963940    -75.61946558
 -75.62927835   -75.62913297    -75.62957620    -75.63000158    -75.61940754    -75.61961719
 -75.62997140   -75.62962329    -75.62960226    -75.62919389    -75.62005359    -75.61927158
 -75.62967885   -75.62933658    -75.63008980    -75.62956238    -75.62133393    -75.61969715
 -75.62958992   -75.62987444    -75.62995659    -75.63007173    -75.62174658    -75.62109873
 -75.62964800   -75.62951924    -75.62957700    -75.63003911    -75.62105479    -75.62100030
 -75.62971848   -75.62958569    -75.62926898    -75.62971338    -75.62199598    -75.61856522
 -75.62918263   -75.62938424    -75.62962792    -75.62957924    -75.62314450    -75.62027312
 -75.62938776   -75.62949764    -75.63024007    -75.62927172    -75.62310236    -75.62100336
 -75.62969411   -75.62981288    -75.62961015    -75.62954385    -75.62316126    -75.62150081
 -75.62948669   -75.62929906    -75.62942113    -75.62994372    -75.62285311    -75.62131985
 -75.62952757   -75.62941382    -75.62976055    -75.62991523    -75.62416723    -75.62176908
 -75.62971588   -75.62992264    -75.62939595    -75.62960492    -75.62437126    -75.62117902
 -75.63004971   -75.62955353    -75.62936227    -75.62966941    -75.62434905    -75.62107419
 -75.62942199   -75.63022630    -75.62992152    -75.63000837    -75.62378976    -75.62249884
 -75.62882921   -75.62970743    -75.63017307    -75.62986911    -75.62370652    -75.62255945
 -75.63025997   -75.62957034    -75.62931784    -75.62964473    -75.62448048    -75.62313926
 -75.62957002   -75.62985247    -75.63008307    -75.63010558    -75.62484536    -75.62235368
                                                                -75.62490122    -75.62365653
                                                                -75.62541132    -75.62330597
                                                                -75.62482627    -75.62123775
                                                                -75.62466067    -75.62387192
                                                                -75.62552768    -75.62307933
                                                                -75.62547294    -75.62115178
                                                                -75.62569190    -75.62379078
                                                                -75.62535207    -75.62356355
                                                                -75.62553990    -75.62458472
                                                                -75.62607506    -75.62508623
                                                                -75.62637286    -75.62435468
                                                                -75.62581607    -75.62518205
                                                                -75.62482201    -75.62484808
                                                                -75.62628643    -75.62481965
                                                                -75.62582727    -75.62480405
                                                                -75.62671853    -75.62491145
                                                                -75.62613867    -75.62541110
                                                                -75.62575045    -75.62560934
                                                                -75.62638091    -75.62517057
                                                                -75.62637429    -75.62515851
                                                                -75.62601322    -75.62594063
                                                                -75.62607224    -75.62628848
                                                                -75.62639034    -75.62643023
                                                                -75.62615353    -75.62534375
                                                                -75.62657985    -75.62616901
                                                                -75.62624909    -75.62654597
                                                                -75.62645653    -75.62297454
                                                                -75.62694477    -75.62597245
                                                                -75.62703902    -75.62609855
                                                                -75.62584122    -75.62638939
                                                                -75.62696799    -75.62657580
                                                                -75.62662993    -75.62665467
                                                                -75.62685085    -75.62674317
                                                                -75.62614378    -75.62663496
                                                                -75.62597762    -75.62663996
                                                                -75.62707313    -75.62735863
                                                                -75.62684402    -75.62704694
                                                                -75.62689986    -75.62739681
                                                                -75.62685054    -75.62726619
                                                                -75.62630646    -75.62719988
                                                                -75.62649852    -75.62747676
                                                                -75.62646169    -75.62701524
                                                                -75.62657491    -75.62736544
                                                                -75.62632360    -75.62681295
                                                                -75.62614082    -75.62678496
                                                                -75.62660732    -75.62730813
                                                                -75.62616354    -75.62779124
                                                                -75.62648980    -75.62731372
                                                                -75.62667955    -75.62747977
                                                                -75.62694660    -75.62763274
                                                                -75.62618397    -75.62756398
                                                                -75.62648170    -75.62769544
                                                                -75.62647558    -75.62784542
                                                                -75.62714060    -75.62733964
                                                                -75.62692951    -75.62830355
                                                                -75.62715248    -75.62676924
                                                                -75.62676870    -75.62754272
                                                                -75.62697351    -75.62672381
                                                                -75.62730783    -75.62741874
                                                                -75.62744118    -75.62791444
                                                                -75.62756187    -75.62776696
                                                                -75.62689415    -75.62877446
                                                                -75.62716609    -75.62817712
                                                                -75.62721927    -75.62804637
                                                                -75.62706153    -75.62859872
                                                                -75.62656263    -75.62768477
                                                                -75.62664291    -75.62812510
                                                                -75.62667050    -75.62815614
                                                                -75.62702004    -75.62808767
                                                                -75.62717934    -75.62806615
                                                                -75.62736354    -75.62814010
                                                                -75.62697329    -75.62815291
                                                                -75.62617308    -75.62818242
                                                                -75.62716847    -75.62744716
                                                                -75.62780833    -75.62849905
                                                                -75.62723497    -75.62834278
                                                                -75.62689410    -75.62838256
                                                                -75.62698385    -75.62827982
                                                                -75.62725281    -75.62840125
                                                                -75.62665723    -75.62877283
                                                                -75.62661115    -75.62802837
                                                                -75.62699862    -75.62846953
                                                                -75.62706931    -75.62828596
                                                                -75.62723165    -75.62838244
                                                                -75.62715944    -75.62708196
                                                                -75.62722456    -75.62856131
                                                                -75.62771528    -75.62809191
                                                                -75.62742816    -75.62843738
                                                                -75.62769621    -75.62858408
                                                                -75.62724768    -75.62838278
                                                                -75.62710609    -75.62841708
                                                                -75.62745744    -75.62790825
                                                                -75.62741625    -75.62836138
                                                                -75.62706563    -75.62810834
                                                                -75.62757180    -75.62841202
                                                                -75.62744169    -75.62839336
                                                                -75.62762822    -75.62836438
                                                                -75.62771073    -75.62749315
                                                                -75.62748436    -75.62860386
                                                                -75.62699518    -75.62863745
                                                                -75.62719471    -75.62868616
                                                                -75.62684234    -75.62838563
                                                                -75.62720062    -75.62833189
                                                                -75.62779461    -75.62823755
                                                                -75.62801436    -75.62843839
                                                                -75.62717785    -75.62845754
                                                                -75.62746260    -75.62860434
                                                                -75.62728827    -75.62837722
                                                                -75.62747121    -75.62859363
                                                                -75.62776366    -75.62804373
                                                                -75.62690899    -75.62907114
                                                                -75.62730256    -75.62860617
                                                                -75.62741702    -75.62861854
                                                                -75.62782239    -75.62789560
                                                                -75.62764120    -75.62842274
                                                                -75.62820586    -75.62787002
                                                                -75.62757055    -75.62890977
                                                                -75.62750513    -75.62864912
                                                                -75.62770375    -75.62838401
                                                                -75.62720040    -75.62510432
                                                                -75.62739747    -75.62878529
                                                                -75.62738896    -75.62899035
                                                                -75.62701524    -75.62750014
                                                                -75.62739589    -75.62888666
                                                                -75.62764355    -75.62875409
                                                                -75.62741461    -75.62868325
                                                                -75.62774794    -75.62913734
                                                                -75.62778495    -75.62791333
                                                                -75.62770811    -75.62885988
                                                                -75.62815230    -75.62872834
                                                                -75.62733293    -75.62814092
                                                                -75.62787487    -75.62879489
                                                                -75.62746135    -75.62896962
                                                                -75.62811809    -75.62962283
                                                                -75.62840566    -75.62854393
                                                                -75.62778331    -75.62862659
                                                                -75.62807114    -75.62902993
                                                                -75.62838494    -75.62902645
                                                                -75.62727755    -75.62892981
                                                                -75.62845808    -75.62874327
                                                                -75.62824008    -75.62853188
                                                                -75.62746832    -75.62812115
                                                                -75.62764392    -75.62868780
                                                                -75.62747214    -75.62910240
                                                                -75.62814919    -75.62815205
                                                                -75.62805841    -75.62952867
                                                                -75.62836120    -75.62864021
                                                                -75.62810118    -75.62883721
                                                                -75.62756147    -75.62832902
                                                                -75.62777635    -75.62844960
                                                                -75.62779781    -75.62881306
                                                                -75.62732986    -75.62870974
                                                                -75.62803980    -75.62847274
                                                                -75.62789107    -75.62937845
                                                                -75.62851857    -75.62892092
                                                                -75.62785783    -75.62920840
                                                                -75.62706071    -75.62898452
                                                                -75.62876652    -75.62923039
                                                                -75.62797310    -75.62897749
                                                                -75.62762935    -75.62935853
                                                                -75.62825021    -75.62918406
                                                                -75.62773192    -75.62897015
                                                                -75.62800424    -75.62931022
                                                                -75.62753646    -75.62847893
                                                                -75.62763994    -75.62844225
                                                                -75.62764936    -75.62915817
                                                                -75.62757109    -75.62902443
                                                                -75.62784837    -75.62865165
                                                                -75.62762024    -75.62901444
                                                                -75.62854945    -75.62862483
                                                                -75.62779204    -75.62868474
                                                                -75.62806983    -75.62870343
                                                                -75.62737081    -75.62938794
                                                                -75.62839685    -75.62905288
                                                                -75.62775877    -75.62948523
                                                                -75.62714877    -75.62973545
                                                                -75.62708036    -75.62918991
                                                                -75.62829835    -75.62835584
                                                                -75.62781469    -75.62923406
                                                                -75.62760460    -75.62922887
                                                                -75.62753432    -75.62889731
                                                                -75.62786777    -75.62856069
                                                                -75.62777258    -75.62942612
                                                                -75.62791005    -75.62779415
                                                                -75.62784744    -75.62752133
                                                                -75.62806231    -75.62896538
                                                                -75.62750120    -75.62856075
                                                                -75.62705856    -75.62908321
                                                                -75.62777251    -75.62929381
                                                                -75.62809109    -75.62870271
                                                                -75.62857793    -75.62926215
                                                                -75.62755822    -75.62880060
                                                                -75.62857758    -75.62918868
                                                                -75.62765840    -75.62943724
                                                                -75.62799209    -75.62917308
                                                                -75.62846615    -75.62897887
                                                                -75.62839607    -75.62922617
                                                                -75.62839316    -75.62920657
                                                                -75.62772492    -75.62909727
                                                                -75.62842049    -75.62679568
                                                                -75.62846004    -75.62860522
                                                                -75.62821242    -75.62911954
                                                                -75.62818553    -75.62882060
                                                                -75.62813118    -75.62938173
                                                                -75.62794447    -75.62866289
                                                                -75.62869671    -75.62911110
                                                                -75.62800764    -75.62935231
                                                                -75.62778650    -75.62914286
                                                                -75.62816816    -75.62911355
                                                                -75.62808285    -75.62895241
                                                                -75.62781746    -75.62857309
                                                                -75.62833294    -75.62838108
                                                                -75.62758966    -75.62862449
                                                                -75.62816056    -75.62849071
                                                                -75.62776119    -75.62924956
                                                                -75.62815290    -75.62968266
                                                                -75.62775196    -75.62962341
                                                                -75.62816896    -75.62902630
                                                                -75.62817408    -75.62856822
                                                                -75.62785137    -75.62961308
                                                                -75.62880574    -75.62900784
                                                                -75.62829073    -75.62911554
                                                                -75.62792217    -75.62960379
                                                                -75.62869893    -75.62929374
                                                                -75.62825249    -75.62970460
                                                                -75.62771718    -75.62904184
                                                                -75.62780257    -75.62938060
                                                                -75.62776580    -75.62924973
                                                                -75.62760442    -75.62947764
                                                                -75.62791968    -75.62820838
                                                                -75.62814545    -75.62932500
                                                                -75.62752397    -75.62872932
                                                                -75.62848833    -75.62876490
                                                                -75.62833242    -75.62837184
                                                                -75.62877018    -75.62912490
                                                                -75.62824826    -75.62960836
                                                                -75.62924652    -75.62911132
                                                                -75.62826969    -75.62881262
                                                                -75.62814800    -75.62924425
                                                                -75.62794529    -75.62877456
                                                                -75.62842127    -75.62944213
                                                                -75.62807611    -75.62867826
                                                                -75.62916757    -75.62912902
                                                                -75.62865955    -75.62916148
                                                                -75.62853671    -75.62939720
                                                                -75.62838808    -75.62851970
                                                                -75.62842488    -75.62937109
                                                                -75.62809839    -75.62888650
                                                                -75.62867582    -75.62874182
                                                                -75.62894172    -75.62989134
                                                                -75.62838968    -75.62864852
                                                                -75.62844791    -75.62967732
                                                                -75.62826292    -75.62961862
                                                                -75.62850708    -75.62893493
                                                                -75.62846292    -75.62939142
                                                                -75.62860582    -75.62931521
                                                                -75.62796802    -75.62934070
                                                                -75.62849219    -75.62932080
                                                                -75.62924187    -75.62938795
                                                                -75.62870777    -75.62962595
                                                                -75.62845932    -75.62927315
                                                                -75.62820835    -75.62925931
                                                                -75.62835885    -75.62953823
                                                                -75.62872196    -75.62878760
                                                                -75.62833695    -75.62936799
                                                                -75.62892468    -75.62864354
                                                                -75.62832659    -75.62908752
                                                                -75.62839817    -75.62869261
                                                                -75.62801195    -75.62938357
                                                                -75.62854775    -75.63000169
                                                                -75.62886965    -75.62894834
                                                                -75.62858864    -75.62884739
                                                                -75.62794942    -75.62898474
                                                                -75.62803581    -75.62899171
                                                                -75.62821819    -75.62916940
                                                                -75.62828165    -75.62921140
                                                                -75.62905184    -75.62945665
                                                                -75.62871978    -75.62970352
                                                                -75.62879231    -75.62854357
                                                                -75.62873546    -75.62858569
                                                                -75.62843830    -75.62903096
                                                                -75.62862676    -75.62899335
                                                                -75.62807229    -75.62901363
                                                                -75.62864867    -75.62926828
                                                                -75.62860483    -75.62879709
                                                                -75.62891147    -75.62978443
                                                                -75.62853953    -75.62920838
                                                                -75.62887613    -75.62931790
                                                                -75.62826173    -75.62908764
                                                                -75.62855760    -75.62904397
                                                                -75.62877544    -75.62903151
                                                                -75.62849937    -75.62929657
                                                                -75.62881849    -75.62912635
                                                                -75.62859979    -75.63003400
                                                                -75.62946753    -75.62912775
                                                                -75.62883050    -75.62927372
                                                                -75.62858775    -75.62957555
                                                                -75.62835007    -75.62943571
                                                                -75.62908453    -75.62987575
                                                                -75.62874507    -75.62804330
                                                                -75.62799659    -75.62918239
                                                                -75.62818684    -75.62870777
                                                                -75.62917657    -75.62920299
                                                                -75.62840921    -75.62908830
                                                                -75.62873649    -75.62964315
                                                                -75.62895901    -75.62931094
                                                                -75.62819404    -75.62875437
                                                                -75.62877277    -75.62940403
                                                                -75.62863253    -75.62893775
                                                                -75.62811512    -75.62959787
                                                                -75.62855957    -75.62891974
                                                                -75.62906911    -75.62897368
                                                                -75.62878170    -75.62924225
                                                                -75.62861194    -75.62863878
                                                                -75.62903372    -75.62895773
                                                                -75.62856032    -75.62904711
                                                                -75.62830716    -75.62908761
                                                                -75.62857867    -75.62878951
                                                                -75.62855826    -75.62845645
                                                                -75.62912736    -75.62906346
                                                                -75.62864461    -75.62985878
                                                                -75.62927727    -75.62838828
                                                                -75.62919843    -75.62974672
                                                                -75.62815464    -75.62847965
                                                                -75.62877366    -75.62920564
                                                                -75.62886388    -75.62833403
                                                                -75.62907868    -75.62953566
                                                                -75.62856172    -75.62909370
                                                                -75.62885628    -75.62942427
                                                                -75.62872117    -75.62881036
                                                                -75.62920816    -75.62944981
                                                                -75.62923358    -75.62949742
                                                                -75.62878879    -75.62923505
                                                                -75.62893869    -75.62911147
                                                                -75.62818598    -75.62925590
                                                                -75.62906448    -75.62959065
                                                                -75.62937098    -75.62922741
                                                                -75.62897613    -75.62847168
                                                                -75.62881653    -75.63012836
                                                                -75.62851483    -75.62931031
                                                                -75.62869804    -75.62941602
                                                                -75.62855193    -75.62942135
                                                                -75.62901187    -75.62907167
                                                                -75.62876433    -75.62895750
                                                                -75.62846749    -75.62855000
                                                                -75.62828683    -75.62977400
                                                                -75.62889894    -75.62909812
                                                                -75.62967139    -75.62871312
                                                                -75.62916260    -75.62833154
                                                                -75.62861157    -75.62955714
                                                                -75.62904026    -75.62948831
                                                                -75.62865044    -75.62893768
                                                                -75.62899510    -75.62901650
                                                                -75.62830063    -75.62919432
                                                                -75.62954331    -75.62922684
                                                                -75.62904179    -75.62922294
                                                                -75.62846119    -75.62925057
                                                                -75.62892389    -75.62894743
                                                                -75.62890487    -75.62901837
                                                                -75.62907273    -75.62937018
                                                                -75.62907925    -75.62997004
                                                                -75.62866343    -75.62911229
                                                                -75.62926311    -75.62834458
                                                                -75.62944072    -75.62911133
                                                                -75.62894818    -75.62917786
                                                                -75.62857329    -75.62924378
                                                                -75.62932581    -75.62883741
                                                                -75.62898573    -75.62939900
                                                                -75.62878501    -75.62897914
                                                                -75.62834518    -75.62861340
                                                                -75.62857211    -75.62956006
                                                                -75.62896687    -75.62963254
                                                                -75.62927128    -75.62938240
                                                                -75.62897487    -75.62583498
                                                                -75.62927107    -75.62813070
                                                                -75.62851109    -75.62890671
                                                                -75.62889481    -75.62885911
                                                                -75.62896231    -75.62914018
                                                                -75.62879403    -75.62963959
                                                                -75.62891673    -75.62905519
                                                                -75.62878524    -75.62873974
                                                                -75.62965362    -75.62985976
                                                                -75.62910594    -75.62947250
                                                                -75.62841331    -75.62827191
                                                                -75.62835334    -75.62879246
                                                                -75.62931011    -75.62879672
                                                                -75.62947071    -75.62943849
                                                                -75.62910997    -75.62920073
                                                                -75.62912311    -75.62930455
                                                                -75.62900231    -75.62893758
                                                                -75.62928494    -75.62857801
                                                                -75.62943274    -75.62907814
                                                                -75.62892134    -75.62927462
                                                                -75.62941513    -75.62953774
                                                                -75.62901025    -75.62915410
                                                                -75.62901910    -75.62901107
                                                                -75.62911321    -75.62876294
                                                                -75.62853098    -75.62910853
                                                                -75.62890785    -75.62933406
                                                                -75.62982424    -75.62901102
                                                                -75.62979898    -75.62900252
                                                                -75.62804569    -75.62963441
                                                                -75.62858077    -75.62887530
                                                                -75.62892172    -75.62922128
                                                                -75.62968790    -75.62935530
                                                                -75.62841185    -75.62945048
                                                                -75.62906129    -75.62957374
                                                                -75.62896403    -75.62903117
                                                                -75.62963788    -75.62907922
                                                                -75.62954612    -75.62915592
                                                                -75.62946055    -75.62951037
                                                                -75.62908170    -75.62919892
                                                                -75.62918302    -75.62912509
                                                                -75.62962028    -75.62981210
                                                                -75.62933906    -75.62887499
                                                                -75.62947004    -75.62952974
                                                                -75.62833279    -75.62962114
                                                                -75.62845902    -75.62933681
                                                                -75.62855212    -75.62897304
                                                                -75.62868016    -75.62876559
                                                                -75.62938072    -75.62912899
                                                                -75.62870595    -75.62891209
                                                                -75.62836205    -75.62987582
                                                                -75.62894368    -75.62930552
                                                                -75.62810562    -75.62927218
                                                                -75.62883148    -75.62960807
                                                                -75.62896639    -75.62952492
                                                                -75.62923096    -75.62945849
                                                                -75.62891343    -75.62895512
                                                                -75.62870837    -75.62943955
                                                                -75.62872771    -75.62900743
                                                                -75.62923464    -75.62904703
                                                                -75.62917550    -75.62914882
                                                                -75.62941904    -75.62903787
                                                                -75.62873603    -75.62874898
                                                                -75.62910585    -75.62918906
                                                                -75.62822333    -75.62923215
                                                                -75.62913322    -75.62910375
                                                                -75.62854496    -75.62903477
                                                                -75.62839662    -75.62942310
                                                                -75.62844615    -75.62924271
                                                                -75.62967612    -75.62944684
                                                                -75.62965274    -75.62892756
                                                                -75.62909774    -75.62891925
                                                                -75.62968526    -75.62974932
                                                                -75.62893670    -75.62945903
                                                                -75.62927202    -75.62888255
                                                                -75.62949845    -75.62927623
                                                                -75.62922702    -75.62950640
                                                                -75.62966613    -75.62934811
                                                                -75.62923291    -75.62910073
                                                                -75.62933572    -75.62915637
                                                                -75.62909051    -75.62856951
                                                                -75.62903669    -75.62904929
                                                                -75.62882589    -75.62898292
                                                                -75.62976083    -75.62907532
                                                                -75.62956012    -75.62909155
                                                                -75.62927170    -75.62916312
                                                                -75.62885040    -75.62974198
                                                                -75.62932298    -75.62941140
                                                                -75.62972279    -75.62900184
                                                                -75.62927543    -75.62897600
                                                                -75.62924736    -75.62863363
                                                                -75.62929786    -75.62884543
                                                                -75.62904315    -75.62830610
                                                                -75.62941174    -75.62888404
                                                                -75.62942200    -75.62927506
                                                                -75.62906791    -75.62932777
                                                                -75.62883293    -75.62856018
                                                                -75.62966811    -75.62888124
                                                                -75.62978161    -75.62886964
                                                                -75.62873268    -75.62910229
                                                                -75.62915362    -75.62917974
                                                                -75.62912072    -75.62901840
                                                                -75.62963046    -75.62931228
                                                                -75.62946694    -75.62873341
                                                                -75.62905497    -75.62893621
                                                                -75.62912503    -75.62922779
                                                                -75.62957378    -75.62878100
                                                                -75.62957712    -75.62874221
                                                                -75.62913733    -75.62903307
                                                                -75.62976647    -75.62855413
                                                                -75.62931628    -75.62903893
                                                                -75.62979402    -75.62841100
                                                                -75.62977703    -75.62892710
                                                                -75.62867872    -75.62911664
                                                                -75.62929004    -75.62982187
                                                                -75.62929521    -75.62917612
                                                                -75.62979231    -75.62845281
                                                                -75.62961593    -75.62863391
                                                                -75.62903713    -75.62844706
                                                                -75.62988157    -75.62893945
                                                                -75.63008315    -75.62931465
                                                                -75.62914340    -75.62891683
                                                                -75.62938527    -75.62890316
                                                                -75.62911790    -75.62925733
                                                                -75.62879765    -75.62930767
                                                                -75.62957276    -75.62915735
                                                                -75.62949653    -75.62913041
                                                                -75.62897814    -75.62939884
                                                                -75.62948525    -75.62898376
                                                                -75.62967839    -75.62881602
                                                                -75.62947569    -75.62909359
                                                                -75.62941479    -75.62934609
                                                                -75.62933940    -75.62937094
                                                                -75.62952040    -75.62848827
                                                                -75.62933761    -75.62930701
                                                                -75.62931903    -75.62810375
                                                                -75.62962965    -75.62807669
                                                                -75.62958215    -75.62852566
                                                                -75.62967016    -75.62912966
                                                                -75.62885272    -75.62878620
                                                                -75.63001323    -75.62894932
                                                                -75.62883011    -75.62870584
                                                                -75.62969641    -75.62898364
                                                                -75.62949468    -75.62889573
                                                                -75.63003203    -75.62945595
                                                                -75.62917866    -75.62871765
                                                                -75.62911905    -75.62921044
                                                                -75.62920688    -75.62894621
                                                                -75.62923535    -75.62848668
                                                                -75.62951125    -75.62896417
                                                                -75.62975789    -75.62849394
                                                                -75.62966432    -75.62837507
                                                                -75.62930529    -75.62966114
                                                                -75.62955176    -75.62884275
                                                                -75.62908309    -75.62917292
                                                                -75.62944726    -75.62894942
                                                                -75.62942075    -75.62847016
                                                                -75.62946713    -75.62854791
                                                                -75.62910867    -75.62905583
                                                                -75.62975249    -75.62854660
                                                                -75.62929788    -75.62887310
                                                                -75.62902660    -75.62856978
                                                                -75.62949101    -75.62947805
                                                                -75.62902098    -75.62913084
                                                                -75.62878627    -75.62862797
                                                                -75.62974461    -75.62934299
                                                                -75.63021474    -75.62926197
                                                                -75.62937382    -75.62915475
                                                                -75.62950249    -75.62851190
                                                                -75.62886775    -75.62859720
                                                                -75.63004235    -75.62903804
                                                                -75.62907856    -75.62894536
                                                                -75.63006332    -75.62852978
                                                                -75.62936880    -75.62854640
                                                                -75.62934104    -75.62853922
                                                                -75.62918617    -75.62877256
                                                                -75.62930527    -75.62843855
                                                                -75.62961605    -75.62908067
                                                                -75.62981103    -75.62827110
                                                                -75.62912570    -75.62873417
                                                                -75.62966585    -75.62897725
                                                                -75.62992347    -75.62875624
                                                                -75.62978864    -75.62912764
                                                                -75.62901169    -75.62877585
                                                                -75.62922666    -75.62850456
                                                                -75.62972021    -75.62865151
                                                                -75.62989255    -75.62811559
                                                                -75.62957028    -75.62865054
                                                                -75.62971571    -75.62842952
                                                                -75.62873745    -75.62792731
                                                                -75.62950946    -75.62871265
                                                                -75.62977394    -75.62792735
                                                                -75.62955159    -75.62866101
                                                                -75.62973716    -75.62878353
                                                                -75.62985869    -75.62904186
                                                                -75.62962148    -75.62876982
                                                                -75.62938177    -75.62849971
                                                                -75.62929219    -75.62845448
                                                                -75.62941377    -75.62862033
                                                                -75.62967550    -75.62888341
                                                                -75.62925763    -75.62888294
                                                                -75.62979508    -75.62829984
                                                                -75.62890507    -75.62848369
                                                                -75.62951939    -75.62756198
                                                                -75.62945766    -75.62841763
                                                                -75.63014008    -75.62804302
                                                                -75.62988049    -75.62862266
                                                                -75.62945683    -75.62905694
                                                                -75.62925537    -75.62839419
                                                                -75.62888883    -75.62837716
                                                                -75.62924127    -75.62848200
                                                                -75.62936094    -75.62787611
                                                                -75.62923876    -75.62858491
                                                                -75.62917860    -75.62815112
                                                                -75.62990260    -75.62841978
                                                                -75.62929945    -75.62797944
                                                                -75.63015121    -75.62793307
                                                                -75.62999833    -75.62841676
                                                                -75.63010924    -75.62794714
                                                                -75.62988783    -75.62771556
                                                                -75.62943624    -75.62768240
                                                                -75.62921714    -75.62768193
                                                                -75.62937293    -75.62714061
                                                                -75.62946649    -75.62733784
                                                                -75.62940074    -75.62737295
                                                                -75.63027178    -75.62809674
                                                                -75.62889448    -75.62768975
                                                                -75.62940946    -75.62726383
                                                                -75.62963851    -75.62767646
                                                                -75.62965576    -75.62794478
                                                                -75.62971857    -75.62772282
                                                                -75.62975178    -75.62775012
                                                                -75.62922791    -75.62759127
                                                                -75.62981488    -75.62816590
                                                                -75.62975494    -75.62817657
                                                                -75.62912003    -75.62761722
                                                                -75.62910220    -75.62765529
                                                                -75.62962591    -75.62828972
                                                                -75.62917426    -75.62803358
                                                                -75.62971727    -75.62756224
                                                                -75.62939336    -75.62690630
                                                                -75.62982223    -75.62692016
                                                                -75.62922196    -75.62739232
                                                                -75.63024758    -75.62463466
                                                                -75.62957724    -75.62581878
                                                                -75.62951324    -75.62643539
                                                                -75.62970603    -75.62645803
                                                                -75.62911875    -75.62730014
                                                                -75.62928487    -75.62764953
                                                                -75.62968258    -75.62767720
                                                                -75.62900281    -75.62744890
                                                                -75.62982014    -75.62791694
                                                                -75.63021063    -75.62748877
                                                                -75.62934759    -75.62774291
                                                                -75.62930975    -75.62774411
                                                                -75.63013474    -75.62733163
                                                                -75.62915998    -75.62714047
                                                                -75.63018103    -75.62691629
                                                                -75.62928613    -75.62789475
                                                                -75.62973833    -75.62780950
                                                                -75.62936910    -75.62741873
                                                                -75.62912404    -75.62746602
                                                                -75.62941290    -75.62781766
                                                                -75.62986937    -75.62733769
                                                                -75.62915360    -75.62662751
                                                                -75.62900182    -75.62641510
                                                                -75.62968253    -75.62708525
                                                                -75.62974970    -75.62691142
                                                                -75.62956283    -75.62709571
                                                                -75.62962194    -75.62727927
                                                                -75.62954458    -75.62689989
                                                                -75.62998663    -75.62634142
                                                                -75.62929989    -75.62691271
                                                                -75.62989079    -75.62618702
                                                                -75.62997012    -75.62597639
                                                                -75.62988542    -75.62565109
                                                                -75.62984246    -75.62603177
                                                                -75.62939698    -75.62621940
                                                                -75.62937174    -75.62615703
                                                                -75.62990725    -75.62500457
                                                                -75.62976873    -75.62576351
                                                                -75.62913420    -75.62547054
                                                                -75.62939378    -75.62594515
                                                                -75.62897923    -75.62676704
                                                                -75.62958525    -75.62558308
                                                                -75.62987908    -75.62680117
                                                                -75.62979316    -75.62690027
                                                                -75.62944731    -75.62749972
                                                                -75.62898128    -75.62685908
                                                                -75.62997095    -75.62811951
                                                                -75.62963448    -75.62779173
                                                                -75.62915131    -75.62862544
                                                                -75.62929196    -75.62668329
                                                                -75.62964152    -75.62739511
                                                                -75.62946874    -75.62734479
                                                                -75.62964183    -75.62726403
                                                                -75.62934121    -75.62668634
                                                                -75.62920646    -75.62712034
                                                                -75.62947678    -75.62647468
                                                                -75.62934462    -75.62729891
                                                                -75.62942770    -75.62635622
                                                                -75.62957454    -75.62715921
                                                                -75.62901913    -75.62658460
                                                                -75.62974285    -75.62577066
                                                                -75.62956507    -75.62629561
                                                                -75.62943915    -75.62602800
                                                                -75.62991520    -75.62544545
                                                                -75.63002114    -75.62787085
                                                                -75.62919771    -75.62657708
                                                                -75.62992881    -75.62603182
                                                                -75.62914415    -75.62542311
                                                                -75.62995483    -75.62457864
                                                                -75.62972646    -75.62480708
                                                                -75.62973401    -75.62529907
                                                                -75.62962035    -75.62522848
                                                                -75.62928299    -75.62501335
                                                                -75.63005547    -75.62630571
                                                                -75.63028369    -75.62553682
                                                                -75.62959162    -75.62621651
                                                                -75.62980733    -75.62734913
                                                                -75.62975709    -75.62707209
                                                                -75.62963352    -75.62729617
                                                                -75.63014172    -75.62791102
                                                                -75.62964590    -75.62773336
                                                                -75.62960771    -75.62766502
                                                                -75.62969883    -75.62730215
                                                                -75.62948698    -75.62780770
                                                                -75.62947945    -75.62837440
                                                                -75.63009492    -75.62684321
                                                                -75.63022465    -75.62822625
                                                                -75.62971307    -75.62672290
                                                                -75.62959126    -75.62754336
                                                                -75.62963668    -75.62562075
                                                                -75.62997101    -75.62548852
                                                                -75.62916263    -75.62509791
                                                                -75.62930285    -75.62580820
                                                                -75.62979297    -75.62536830
                                                                -75.62973503    -75.62513504
                                                                -75.62997180    -75.62655709
                                                                -75.62979295    -75.62697232
                                                                -75.62962208    -75.62677828
                                                                -75.62940047    -75.62730125
                                                                -75.62960468    -75.62545308
                                                                -75.62973610    -75.62590650
                                                                -75.62892313    -75.62678691
                                                                -75.62984097    -75.62714579
                                                                -75.62986900    -75.62670470
                                                                -75.62870099    -75.62776559
                                                                -75.62938812    -75.62641265
                                                                -75.62934832    -75.62696062
                                                                -75.62951011    -75.62586551
                                                                -75.62925075    -75.62607373
                                                                -75.62963102    -75.62468152
                                                                -75.62943855    -75.62510334
                                                                -75.62916977    -75.62484628
                                                                -75.62904956    -75.62457409
                                                                -75.63011132    -75.62612408
                                                                -75.62997130    -75.62709885
                                                                -75.62904039    -75.62831699
                                                                -75.62966789    -75.62770998
                                                                -75.62968686    -75.62790046
                                                                -75.63015646    -75.62712793
                                                                -75.62957360    -75.62666515
                                                                -75.62974937    -75.62642705
                                                                -75.62973387    -75.62675049
                                                                -75.63026592    -75.62562362
                                                                -75.62968728    -75.62663655
                                                                -75.62958988    -75.62591377
                                                                -75.62975704    -75.62716631
                                                                -75.62943727    -75.62646253
                                                                -75.62983637    -75.62805045
                                                                -75.62920873    -75.62706459
                                                                -75.62951690    -75.62583696
                                                                -75.62972229    -75.62538568
                                                                -75.62932587    -75.62391545
                                                                -75.63014930    -75.62364070
                                                                -75.62947333    -75.62490045
                                                                -75.62946354    -75.62635853
                                                                -75.62932507    -75.62700947
                                                                -75.62870418    -75.62741037
                                                                -75.62922362    -75.62796238
                                                                -75.62901103    -75.62802860
                                                                -75.63001038    -75.62686594
                                                                -75.62952849    -75.62673636
                                                                -75.62947957    -75.62752232
                                                                -75.62950104    -75.62727309
                                                                -75.62975316    -75.62716041
                                                                -75.62975527    -75.62648646
                                                                -75.63002734    -75.62694579
                                                                -75.62936354    -75.62603906
                                                                -75.63036807    -75.62497705
                                                                -75.62956813    -75.62545136
                                                                -75.62870834    -75.62663700
                                                                -75.62942330    -75.62691124
                                                                -75.62965582    -75.62624024
                                                                -75.62919846    -75.62743791
                                                                -75.62967056    -75.62834288
                                                                -75.63003414    -75.62776975
                                                                -75.62955986    -75.62815510
                                                                -75.62958682    -75.62698222
                                                                -75.62923794    -75.62653355
                                                                -75.62981674    -75.62562553
                                                                -75.62976138    -75.62524345
                                                                -75.62981945    -75.62576024
                                                                -75.62982489    -75.62468008
                                                                -75.62982549    -75.62466723
                                                                -75.62934569    -75.62647125
                                                                -75.63015139    -75.62557135
                                                                -75.62960099    -75.62636824
                                                                -75.62938422    -75.62651156
                                                                -75.62897771    -75.62622361
                                                                -75.62903797    -75.62552981
                                                                -75.63003904    -75.62580114
                                                                -75.62958930    -75.62430528
                                                                -75.63004184    -75.62549530
                                                                -75.62968832    -75.62525920
                                                                -75.62914343    -75.62666612
                                                                -75.62945365    -75.62638711
                                                                -75.62913108    -75.62691509
                                                                -75.62942864    -75.62653028
                                                                -75.62889688    -75.62592015
                                                                -75.62892214    -75.62742458
                                                                -75.62931601    -75.62675304
                                                                -75.63032214    -75.62726147
                                                                -75.62988122    -75.62758828
                                                                -75.62960296    -75.62892497
                                                                -75.62947848    -75.62865197
                                                                -75.63002587    -75.62825188
                                                                -75.62994144    -75.62740090
                                                                -75.62956482    -75.62727008
                                                                -75.62938241    -75.62757941
                                                                -75.62942494    -75.62829835
                                                                -75.62997765    -75.62634504
                                                                -75.62906895    -75.62638978
                                                                -75.62978532    -75.62530689
                                                                -75.62926050    -75.62630391
                                                                -75.62932461    -75.62568084
                                                                -75.62958560    -75.62633647
                                                                -75.62929832    -75.62743818
                                                                -75.62882348    -75.62735650
                                                                -75.62879598    -75.62690039
                                                                -75.62933835    -75.62826392
                                                                -75.62820742    -75.62303358
                                                                -75.62906267    -75.62470474
                                                                -75.62968478    -75.62734681
                                                                -75.62950572    -75.62728571
                                                                -75.62919689    -75.62780289
                                                                -75.62920375    -75.62864068
                                                                -75.62950971    -75.62839477
                                                                -75.62958660    -75.62739901
                                                                -75.62966622    -75.62736626
                                                                -75.63056011    -75.62818572
                                                                -75.62996008    -75.62751971
                                                                -75.62929089    -75.62714307
                                                                -75.62971442    -75.62798752
                                                                -75.62966065    -75.62787984
                                                                -75.62985050    -75.62843302
                                                                -75.62973578    -75.62828242
                                                                -75.62989548    -75.62813705
                                                                -75.62961269    -75.62808094
                                                                -75.62979953    -75.62767001
                                                                -75.62962403    -75.62776247
                                                                -75.62971719    -75.62778047
                                                                -75.62969225    -75.62824567
                                                                -75.62912941    -75.62799089
                                                                -75.62992528    -75.62796466
                                                                -75.62949724    -75.62734280
                                                                -75.62989230    -75.62789279
                                                                -75.62941137    -75.62812975
                                                                -75.62987217    -75.62803377
                                                                -75.62898891    -75.62858503
                                                                -75.62988741    -75.62734688
                                                                -75.62989659    -75.62690914
                                                                -75.62997572    -75.62728001
                                                                -75.62931795    -75.62817494
                                                                -75.62918561    -75.62734678
                                                                -75.62976612    -75.62803922
                                                                -75.63010161    -75.62736540
                                                                -75.63025890    -75.62784694
                                                                -75.62929714    -75.62880411
                                                                -75.62933193    -75.62851461
                                                                -75.62973476    -75.62839909
                                                                -75.62954009    -75.62819126
                                                                -75.62961498    -75.62844446
                                                                -75.62936114    -75.62781155
                                                                -75.62987820    -75.62713663
                                                                -75.62917406    -75.62720301
                                                                -75.62971180    -75.62586027
                                                                -75.62994967    -75.62568697
                                                                -75.62897349    -75.62649955
                                                                -75.62949980    -75.62755806
                                                                -75.62990176    -75.62770270
                                                                -75.62982805    -75.62751713
                                                                -75.62950549    -75.62773394
                                                                -75.62948899    -75.62836148
                                                                -75.62960554    -75.62778000
                                                                -75.62984044    -75.62770856
                                                                -75.62920134    -75.62705858
                                                                -75.62989596    -75.62673300
                                                                -75.62991412    -75.62787663
                                                                -75.62981814    -75.62719968
                                                                -75.62951889    -75.62774029
                                                                -75.63001249    -75.62797206
                                                                -75.62928289    -75.62703111
                                                                -75.62960704    -75.62771045
                                                                -75.62979965    -75.62746945
                                                                -75.62910173    -75.62748492
                                                                -75.62938451    -75.62681211
                                                                -75.62944256    -75.62687145
                                                                -75.62960070    -75.62706545
                                                                -75.63000332    -75.62651137
                                                                -75.62976669    -75.62712814
                                                                -75.63020387    -75.62720887
                                                                -75.62924541    -75.62780494
                                                                -75.62940307    -75.62676543
                                                                -75.62895095    -75.62685456
                                                                -75.63056379    -75.62784158
                                                                -75.62949947    -75.62776874
                                                                -75.62950019    -75.62781717
                                                                -75.62985675    -75.62823534
                                                                -75.62979803    -75.62700984
                                                                -75.62964811    -75.62709834
                                                                -75.62948915    -75.62772306
                                                                -75.62913813    -75.62820116
                                                                -75.62949674    -75.62784167
                                                                -75.62993887    -75.62786383
                                                                -75.62992255    -75.62773358
                                                                -75.62921029    -75.62662542
                                                                -75.62949120    -75.62716306
                                                                -75.62948860    -75.62799149
                                                                -75.62956101    -75.62836755
                                                                -75.62961448    -75.62835220
                                                                -75.62974046    -75.62784470
                                                                -75.62946245    -75.62726693
                                                                -75.62972459    -75.62717080
                                                                -75.62941034    -75.62781013
                                                                -75.62940610    -75.62691966
                                                                -75.62949554    -75.62713843
                                                                -75.62886307    -75.62649600
                                                                -75.62941725    -75.62791372
                                                                -75.62917620    -75.62594247
                                                                -75.62953956    -75.62769370
                                                                -75.62929516    -75.62770533
                                                                -75.62881028    -75.62767854
                                                                -75.62946065    -75.62653378
                                                                -75.62874144    -75.62747542
                                                                -75.62978436    -75.62659989
                                                                -75.62949425    -75.62788969
                                                                -75.62995899    -75.62676006
                                                                -75.62957100    -75.62752044
                                                                -75.62962346    -75.62713329
                                                                -75.63006894    -75.62778861
                                                                -75.62976120    -75.62690473
                                                                -75.62939841    -75.62745746
                                                                -75.62928621    -75.62678850
                                                                -75.62943791    -75.62745205
                                                                -75.62911320    -75.62631422
                                                                -75.62928905    -75.62640706
                                                                -75.62922465    -75.62681886
                                                                -75.62957913    -75.62669429
                                                                -75.62955490    -75.62675968
                                                                -75.62978708    -75.62686880
                                                                -75.62978619    -75.62613606
                                                                -75.62947154    -75.62668454
                                                                -75.62987207    -75.62729449
                                                                -75.62916322    -75.62702016
                                                                -75.62932107    -75.62664694
                                                                -75.62929548    -75.62767673
                                                                -75.62971086    -75.62626944
                                                                -75.62993197    -75.62798422
                                                                -75.62980022    -75.62676812
                                                                -75.62966553    -75.62680736
                                                                -75.62950321    -75.62625597
                                                                -75.62953632    -75.62718467
                                                                -75.62929789    -75.62562605
                                                                -75.62920719    -75.62680905
                                                                -75.62956678    -75.62710671
                                                                -75.62935124    -75.62662699
