 &FCI NORB=  10,NELEC=14,MS2=0,
  ORBSYM=1,1,1,1,1,1,1,1,1,1,
  ISYM=1,
 &END
 4.761700266540961    1    1    1    1
 -0.0005756141887777364    1    1    2    1
 0.4693127180566486    1    1    2    2
 -0.4070245821644539    1    1    3    1
 0.006715074903941876    1    1    3    2
 1.013260591433118    1    1    3    3
 -0.2417123063489987    1    1    4    1
 -0.002550742004658351    1    1    4    2
 0.1439377482409745    1    1    4    3
 0.9351508537414763    1    1    4    4
 0.9036813388712366    1    1    5    5
 0.9036813388712307    1    1    6    6
 8.404401388596788e-05    1    1    7    1
 -0.01286322342048505    1    1    7    2
 -0.09128320615182857    1    1    7    3
 0.2534894769682334    1    1    7    4
 0.4821926436266122    1    1    7    7
 -1.654342541210427e-15    1    1    8    4
 -0.3366690807479982    1    1    8    5
 0.01615768579366149    1    1    8    6
 0.6425071612059412    1    1    8    8
 -0.01615768579366146    1    1    9    5
 -0.3366690807479997    1    1    9    6
 0.642507161205946    1    1    9    9
 -0.2480931201278655    1    1   10    1
 -0.01362292004931905    1    1   10    2
 0.3163482760438482    1    1   10    3
 -0.1181701821392565    1    1   10    4
 -0.2098642937801919    1    1   10    7
 0.8842554002391265    1    1   10   10
 -0.0005756141887777385    2    1    1    1
 4.08267806157285e-07    2    1    2    1
 0.0006464201415280688    2    1    2    2
 5.152558744215761e-05    2    1    3    1
 -5.841778192110233e-05    2    1    3    2
 -5.13951156271171e-05    2    1    3    3
 2.059117519348702e-05    2    1    4    1
 6.487799099650049e-05    2    1    4    2
 -5.639288248434595e-05    2    1    4    3
 -7.688822998467246e-05    2    1    4    4
 -6.029499830534982e-05    2    1    5    5
 -6.029499830534866e-05    2    1    6    6
 -5.343173139426172e-06    2    1    7    1
 -2.48124378737737e-05    2    1    7    2
 2.543279729155238e-06    2    1    7    3
 -7.629098017395654e-05    2    1    7    4
 8.425236561601604e-05    2    1    7    7
 7.614871072696001e-05    2    1    8    5
 -3.654588472410434e-06    2    1    8    6
 6.416279464728177e-06    2    1    8    8
 3.654588472410397e-06    2    1    9    5
 7.614871072696043e-05    2    1    9    6
 6.416279464727118e-06    2    1    9    9
 3.835711796277664e-05    2    1   10    1
 0.00010272508189809    2    1   10    2
 -3.364037944710435e-05    2    1   10    3
 2.023889136345697e-05    2    1   10    4
 5.918656251692444e-05    2    1   10    7
 -4.712242646623657e-06    2    1   10   10
 0.4693127180566485    2    2    1    1
 0.0006464201415280688    2    2    2    1
 3.522013434878399    2    2    2    2
 0.003102457427006529    2    2    3    1
 -0.1702621298265831    2    2    3    2
 0.6130976681279718    2    2    3    3
 -0.008698500799253593    2    2    4    1
 0.2255857927699348    2    2    4    2
 -0.1752522917275049    2    2    4    3
 0.5385548856901233    2    2    4    4
 -1.261035149709726e-15    2    2    5    2
 0.5472567407121066    2    2    5    5
 0.5472567407121087    2    2    6    6
 -0.005780176558260765    2    2    7    1
 -0.2243654882047325    2    2    7    2
 -0.01362128094852072    2    2    7    3
 -0.1379455456942162    2    2    7    4
 0.7831298611515172    2    2    7    7
 0.1882916262237766    2    2    8    5
 -0.009036638967089086    2    2    8    6
 0.752062978497343    2    2    8    8
 0.009036638967088853    2    2    9    5
 0.1882916262237781    2    2    9    6
 0.7520629784973406    2    2    9    9
 0.01003275438301836    2    2   10    1
 0.1711815938559009    2    2   10    2
 -0.1235398327466948    2    2   10    3
 0.1383159632589969    2    2   10    4
 0.09686353742068173    2    2   10    7
 0.8341306910816956    2    2   10   10
 -0.407024582164454    3    1    1    1
 5.152558744215756e-05    3    1    2    1
 0.00310245742700654    3    1    2    2
 0.05750957890002262    3    1    3    1
 9.899656535020769e-05    3    1    3    2
 -0.00898410483279973    3    1    3    3
 0.0290562028100715    3    1    4    1
 -3.34218309301706e-05    3    1    4    2
 -0.01161133561791373    3    1    4    3
 -0.01501494097056037    3    1    4    4
 -0.006038112986204246    3    1    5    5
 -0.006038112986204146    3    1    6    6
 -0.002968844840466991    3    1    7    1
 -0.0001659557427022579    3    1    7    2
 -0.002380114846254809    3    1    7    3
 -0.005542559712337193    3    1    7    4
 -0.0009485300056123646    3    1    7    7
 0.006696020997406033    3    1    8    5
 -0.0003213606759001144    3    1    8    6
 -0.003208785201709214    3    1    8    8
 0.0003213606759001134    3    1    9    5
 0.00669602099740605    3    1    9    6
 -0.003208785201709306    3    1    9    9
 0.04012777060538456    3    1   10    1
 -0.0001986514546912944    3    1   10    2
 -0.006482538283069036    3    1   10    3
 0.002298195162636566    3    1   10    4
 0.003095371103035938    3    1   10    7
 -0.006648702342017561    3    1   10   10
 0.006715074903941884    3    2    1    1
 -5.841778192110236e-05    3    2    2    1
 -0.1702621298265832    3    2    2    2
 9.899656535020801e-05    3    2    3    1
 0.01444417114451891    3    2    3    2
 0.005980996423833255    3    2    3    3
 -0.000272760953761509    3    2    4    1
 -0.01785361058513486    3    2    4    2
 0.0005023083140588996    3    2    4    3
 0.0004050515773069965    3    2    4    4
 0.002915909024195292    3    2    5    5
 0.002915909024195222    3    2    6    6
 -0.0001806093147322619    3    2    7    1
 0.01351047312557835    3    2    7    2
 -0.004088390086225027    3    2    7    3
 0.007570207095297406    3    2    7    4
 -0.01156721954465745    3    2    7    7
 -0.004780485109984272    3    2    8    5
 0.0002294287796693186    3    2    8    6
 -0.004263391838437949    3    2    8    8
 -0.0002294287796693142    3    2    9    5
 -0.00478048510998432    3    2    9    6
 -0.004263391838437883    3    2    9    9
 0.0002400792396928896    3    2   10    1
 -0.01920539252695803    3    2   10    2
 0.003036119195317506    3    2   10    3
 -0.0006890378720488577    3    2   10    4
 -0.004801408765559958    3    2   10    7
 -0.001739758342599481    3    2   10   10
 1.013260591433118    3    3    1    1
 -5.139511562711729e-05    3    3    2    1
 0.6130976681279718    3    3    2    2
 -0.008984104832799687    3    3    3    1
 0.00598099642383325    3    3    3    2
 0.7860583492954484    3    3    3    3
 -0.02158187112607985    3    3    4    1
 -0.0001621143835308033    3    3    4    2
 -0.02910494921628776    3    3    4    3
 0.6320174257346307    3    3    4    4
 0.6833767882520382    3    3    5    5
 0.6833767882520358    3    3    6    6
 -0.008974604217665334    3    3    7    1
 -0.0187763433246705    3    3    7    2
 -0.08650239128879084    3    3    7    3
 0.1032283195764213    3    3    7    4
 0.4622638123171314    3    3    7    7
 -0.1152062312566566    3    3    8    5
 0.005529067540093692    3    3    8    6
 0.559298389802434    3    3    8    8
 -0.005529067540093724    3    3    9    5
 -0.1152062312566573    3    3    9    6
 0.5592983898024355    3    3    9    9
 0.006704681311083391    3    3   10    1
 -0.01714547066286814    3    3   10    2
 0.1148297589725855    3    3   10    3
 -0.001701566259725265    3    3   10    4
 -0.09198051364663618    3    3   10    7
 0.6970255960627616    3    3   10   10
 -0.2417123063489985    4    1    1    1
 2.059117519348706e-05    4    1    2    1
 -0.008698500799253599    4    1    2    2
 0.02905620281007147    4    1    3    1
 -0.0002727609537615087    4    1    3    2
 -0.02158187112607988    4    1    3    3
 0.03151596663000775    4    1    4    1
 7.772515098621331e-05    4    1    4    2
 0.009692999861045446    4    1    4    3
 0.007872358782875972    4    1    4    4
 -0.006540998146851056    4    1    5    5
 -0.006540998146851055    4    1    6    6
 0.007806218694574873    4    1    7    1
 0.000468561809923158    4    1    7    2
 0.009724219898077362    4    1    7    3
 0.004205511444021476    4    1    7    4
 -0.004550476871791966    4    1    7    7
 -0.0003124052244402871    4    1    8    5
 1.499319582775406e-05    4    1    8    6
 -0.005226028639906592    4    1    8    8
 -1.499319582775385e-05    4    1    9    5
 -0.0003124052244402783    4    1    9    6
 -0.005226028639906589    4    1    9    9
 0.006420257485305008    4    1   10    1
 0.000491293905385429    4    1   10    2
 -0.01631146735015424    4    1   10    3
 -0.004414460256486312    4    1   10    4
 0.003808556466857101    4    1   10    7
 -0.02142716059231774    4    1   10   10
 -0.002550742004658351    4    2    1    1
 6.487799099650054e-05    4    2    2    1
 0.2255857927699348    4    2    2    2
 -3.342183093017031e-05    4    2    3    1
 -0.01785361058513485    4    2    3    2
 -0.0001621143835307931    4    2    3    3
 7.772515098621288e-05    4    2    4    1
 0.02345131765436473    4    2    4    2
 -0.002579937026240852    4    2    4    3
 0.002713501863633147    4    2    4    4
 1.066652083573043e-05    4    2    5    5
 1.066652083578369e-05    4    2    6    6
 4.64164227964759e-05    4    2    7    1
 -0.02186653083771632    4    2    7    2
 0.00282402038552965    4    2    7    3
 -0.005611978670814718    4    2    7    4
 0.009321947606171889    4    2    7    7
 0.003739288593097065    4    2    8    5
 -0.0001794588622300901    4    2    8    6
 0.005251889095219457    4    2    8    8
 0.0001794588622300865    4    2    9    5
 0.003739288593097101    4    2    9    6
 0.005251889095219406    4    2    9    9
 -4.025910203988021e-05    4    2   10    1
 0.02032638724901775    4    2   10    2
 -0.003845760246849457    4    2   10    3
 0.003019401399733295    4    2   10    4
 0.002145564963494181    4    2   10    7
 0.006813743133282246    4    2   10   10
 0.1439377482409743    4    3    1    1
 -5.639288248434601e-05    4    3    2    1
 -0.1752522917275049    4    3    2    2
 -0.01161133561791372    4    3    3    1
 0.0005023083140588987    4    3    3    2
 -0.02910494921628772    4    3    3    3
 0.009692999861045453    4    3    4    1
 -0.002579937026240847    4    3    4    2
 0.09867469731427779    4    3    4    3
 0.07696360794251467    4    3    4    4
 0.01898598304582797    4    3    5    5
 0.01898598304582677    4    3    6    6
 0.009019471275861822    4    3    7    1
 0.007440515598029729    4    3    7    2
 0.03091568830092511    4    3    7    3
 0.0612425667969856    4    3    7    4
 -0.05460463152576605    4    3    7    7
 -0.08325334879684201    4    3    8    5
 0.003995559818385523    4    3    8    6
 -0.03914742197111149    4    3    8    8
 -0.003995559818385485    4    3    9    5
 -0.08325334879684239    4    3    9    6
 -0.03914742197111037    4    3    9    9
 -0.01892463930987268    4    3   10    1
 0.003523322613745717    4    3   10    2
 0.0235527151610905    4    3   10    3
 -0.05420975854992836    4    3   10    4
 -0.02551855665429965    4    3   10    7
 -0.06655084035026761    4    3   10   10
 0.935150853741476    4    4    1    1
 -7.688822998467254e-05    4    4    2    1
 0.5385548856901231    4    4    2    2
 -0.01501494097056036    4    4    3    1
 0.0004050515773070098    4    4    3    2
 0.6320174257346307    4    4    3    3
 0.007872358782875974    4    4    4    1
 0.00271350186363313    4    4    4    2
 0.07696360794251468    4    4    4    3
 0.7122168814924198    4    4    4    4
 0.6122869955902444    4    4    5    5
 0.6122869955902419    4    4    6    6
 0.00904693045899759    4    4    7    1
 -0.01170503677411657    4    4    7    2
 -0.01222374079936768    4    4    7    3
 0.1403372866840965    4    4    7    4
 0.4459552996496284    4    4    7    7
 -0.1261305429807148    4    4    8    5
 0.00605335565101014    4    4    8    6
 0.5138498922764222    4    4    8    8
 -0.006053355651010177    4    4    9    5
 -0.1261305429807152    4    4    9    6
 0.513849892276424    4    4    9    9
 -0.02149636862287477    4    4   10    1
 -0.005836145307851934    4    4   10    2
 0.05376205774510414    4    4   10    3
 -0.06246797337526647    4    4   10    4
 -0.08011911432684411    4    4   10    7
 0.5784036203944304    4    4   10   10
 0.01737148212234206    5    1    5    1
 0.0002459770348230511    5    1    5    2
 0.02201384118204763    5    1    5    3
 0.0104190705314714    5    1    5    4
 0.0004327854334027996    5    1    7    5
 -0.01359861022648038    5    1    8    1
 0.0003550046124716802    5    1    8    2
 -0.01246254897507646    5    1    8    3
 -0.01038657035119618    5    1    8    4
 8.663207523588917e-05    5    1    8    7
 -0.0006526351359078535    5    1    9    1
 1.703765897026797e-05    5    1    9    2
 -0.0005981123959468337    5    1    9    3
 -0.0004984804064439951    5    1    9    4
 4.157714299764024e-06    5    1    9    7
 0.009345894981612696    5    1   10    5
 -0.008337430876346554    5    1   10    8
 -0.0004001365023692643    5    1   10    9
 -1.261035149709726e-15    5    2    2    2
 0.0002459770348230511    5    2    5    1
 0.005068681375146685    5    2    5    2
 0.005790406215734127    5    2    5    3
 -0.004156265170691621    5    2    5    4
 0.003719981528051237    5    2    7    5
 -0.0001951682060851063    5    2    8    1
 0.009540027224239382    5    2    8    2
 0.003748344010853393    5    2    8    3
 -0.007261617265751721    5    2    8    4
 0.008232998566846584    5    2    8    7
 -9.366665165180771e-06    5    2    9    1
 0.0004578524467104723    5    2    9    2
 0.000179893456920256    5    2    9    3
 -0.0003485052142987481    5    2    9    4
 0.00039512450530717    5    2    9    7
 -0.003346408663211211    5    2   10    5
 -0.006316950906685516    5    2   10    8
 -0.0003031680476788677    5    2   10    9
 0.02201384118204764    5    3    5    1
 0.005790406215734126    5    3    5    2
 0.1250069346496168    5    3    5    3
 0.02200205451657817    5    3    5    4
 0.005720795562301626    5    3    7    5
 -0.01662137763108786    5    3    8    1
 0.00925017906449205    5    3    8    2
 -0.03720274322312826    5    3    8    3
 -0.06089609119189666    5    3    8    4
 0.02002955847754594    5    3    8    7
 -0.0007977061529506312    5    3    9    1
 0.0004439418271707662    5    3    9    2
 -0.001785463144777206    5    3    9    3
 -0.002922572828353424    5    3    9    4
 0.0009612742332825016    5    3    9    7
 0.02170453658717036    5    3   10    5
 -0.05551642113975004    5    3   10    8
 -0.002664387496385803    5    3   10    9
 0.01041907053147141    5    4    5    1
 -0.004156265170691621    5    4    5    2
 0.02200205451657817    5    4    5    3
 0.05121975821708732    5    4    5    4
 0.002606575220664178    5    4    7    5
 -0.008132320298077391    5    4    8    1
 -0.007356045885171881    5    4    8    2
 -0.0351151255297563    5    4    8    3
 -0.0136975097291844    5    4    8    4
 -0.02778198736030098    5    4    8    7
 -0.0003902926751034335    5    4    9    1
 -0.0003530371064437895    5    4    9    2
 -0.001685272563949748    5    4    9    3
 -0.0006573815981796201    5    4    9    4
 -0.001333334862512132    5    4    9    7
 0.01439298763831593    5    4   10    5
 0.01091666014376744    5    4   10    8
 0.0005239208902917071    5    4   10    9
 0.9036813388712365    5    5    1    1
 -6.029499830534965e-05    5    5    2    1
 0.5472567407121067    5    5    2    2
 -0.006038112986204209    5    5    3    1
 0.0029159090241953    5    5    3    2
 0.6833767882520381    5    5    3    3
 -0.006540998146851046    5    5    4    1
 1.066652083572829e-05    5    5    4    2
 0.01898598304582806    5    5    4    3
 0.6122869955902444    5    5    4    4
 0.6699699223968374    5    5    5    5
 0.61065945481151    5    5    6    6
 -0.001770861143974893    5    5    7    1
 -0.009748374549722379    5    5    7    2
 -0.04529517093672509    5    5    7    3
 0.08880017557877044    5    5    7    4
 0.4465821870462597    5    5    7    7
 -0.1234759691627069    5    5    8    5
 0.004977367833883092    5    5    8    6
 0.5551211923413135    5    5    8    8
 -0.0059259552684976    5    5    9    5
 -0.1037107587421636    5    5    9    6
 0.001883478352931751    5    5    9    8
 0.515966551870873    5    5    9    9
 -0.0006329151930523727    5    5   10    1
 -0.008846122879275478    5    5   10    2
 0.08843030028412245    5    5   10    3
 -0.01198349988958322    5    5   10    4
 -0.07223841690345383    5    5   10    7
 0.61120139287664    5    5   10   10
 0.01737148212234185    6    1    6    1
 0.000245977034823052    6    1    6    2
 0.02201384118204741    6    1    6    3
 0.01041907053147127    6    1    6    4
 0.0004327854334027979    6    1    7    6
 0.0006526351359078552    6    1    8    1
 -1.703765897026765e-05    6    1    8    2
 0.0005981123959468388    6    1    8    3
 0.0004984804064439948    6    1    8    4
 -4.157714299763763e-06    6    1    8    7
 -0.01359861022648042    6    1    9    1
 0.0003550046124716762    6    1    9    2
 -0.01246254897507654    6    1    9    3
 -0.01038657035119619    6    1    9    4
 8.663207523588442e-05    6    1    9    7
 0.009345894981612576    6    1   10    6
 0.0004001365023692649    6    1   10    8
 -0.008337430876346568    6    1   10    9
 0.000245977034823052    6    2    6    1
 0.005068681375146817    6    2    6    2
 0.005790406215734214    6    2    6    3
 -0.00415626517069172    6    2    6    4
 0.003719981528051345    6    2    7    6
 9.366665165181097e-06    6    2    8    1
 -0.000457852446710482    6    2    8    2
 -0.0001798934569202578    6    2    8    3
 0.0003485052142987549    6    2    8    4
 -0.0003951245053071786    6    2    8    7
 -0.0001951682060851101    6    2    9    1
 0.00954002722423947    6    2    9    2
 0.003748344010853401    6    2    9    3
 -0.007261617265751783    6    2    9    4
 0.008232998566846665    6    2    9    7
 -0.003346408663211296    6    2   10    6
 0.0003031680476788733    6    2   10    8
 -0.006316950906685568    6    2   10    9
 0.0220138411820474    6    3    6    1
 0.005790406215734214    6    3    6    2
 0.1250069346496162    6    3    6    3
 0.02200205451657747    6    3    6    4
 0.005720795562301813    6    3    7    6
 0.0007977061529506361    6    3    8    1
 -0.0004439418271707681    6    3    8    2
 0.001785463144777245    6    3    8    3
 0.002922572828353432    6    3    8    4
 -0.0009612742332825111    6    3    8    7
 -0.01662137763108794    6    3    9    1
 0.009250179064492058    6    3    9    2
 -0.03720274322312883    6    3    9    3
 -0.06089609119189674    6    3    9    4
 0.02002955847754602    6    3    9    7
 0.02170453658716977    6    3   10    6
 0.002664387496385815    6    3   10    8
 -0.05551642113975018    6    3   10    9
 0.01041907053147126    6    4    6    1
 -0.004156265170691721    6    4    6    2
 0.02200205451657746    6    4    6    3
 0.05121975821708707    6    4    6    4
 0.0026065752206638    6    4    7    6
 0.0003902926751034333    6    4    8    1
 0.0003530371064437964    6    4    8    2
 0.001685272563949755    6    4    8    3
 0.0006573815981796083    6    4    8    4
 0.001333334862512155    6    4    8    7
 -0.008132320298077401    6    4    9    1
 -0.007356045885171942    6    4    9    2
 -0.03511512552975639    6    4    9    3
 -0.01369750972918434    6    4    9    4
 -0.0277819873603012    6    4    9    7
 0.01439298763831605    6    4   10    6
 -0.0005239208902917205    6    4   10    8
 0.01091666014376755    6    4   10    9
 0.02965523379266306    6    5    6    5
 0.0004742937173071987    6    5    8    5
 -0.009882605210271955    6    5    8    6
 -0.00188347835293189    6    5    8    8
 -0.009882605210272311    6    5    9    5
 -0.0004742937173072711    6    5    9    6
 0.01957732023522131    6    5    9    8
 0.001883478352931822    6    5    9    9
 0.9036813388712309    6    6    1    1
 -6.029499830534867e-05    6    6    2    1
 0.5472567407121089    6    6    2    2
 -0.006038112986204138    6    6    3    1
 0.002915909024195218    6    6    3    2
 0.6833767882520356    6    6    3    3
 -0.006540998146851074    6    6    4    1
 1.066652083579406e-05    6    6    4    2
 0.01898598304582676    6    6    4    3
 0.6122869955902419    6    6    4    4
 0.6106594548115097    6    6    5    5
 0.6699699223968325    6    6    6    6
 -0.001770861143974912    6    6    7    1
 -0.009748374549722362    6    6    7    2
 -0.0452951709367249    6    6    7    3
 0.08880017557876888    6    6    7    4
 0.4465821870462603    6    6    7    7
 -0.1037107587421611    6    6    8    5
 0.00592595526849745    6    6    8    6
 0.5159665518708711    6    6    8    8
 -0.004977367833883055    6    6    9    5
 -0.1234759691627051    6    6    9    6
 -0.001883478352931939    6    6    9    8
 0.5551211923413151    6    6    9    9
 -0.0006329151930523122    6    6   10    1
 -0.008846122879275392    6    6   10    2
 0.08843030028412083    6    6   10    3
 -0.01198349988958258    6    6   10    4
 -0.07223841690345284    6    6   10    7
 0.6112013928766389    6    6   10   10
 8.404401388597527e-05    7    1    1    1
 -5.343173139426196e-06    7    1    2    1
 -0.005780176558260767    7    1    2    2
 -0.002968844840466995    7    1    3    1
 -0.0001806093147322618    7    1    3    2
 -0.008974604217665326    7    1    3    3
 0.007806218694574872    7    1    4    1
 4.641642279647589e-05    7    1    4    2
 0.009019471275861824    7    1    4    3
 0.009046930458997595    7    1    4    4
 -0.001770861143974889    7    1    5    5
 -0.001770861143974919    7    1    6    6
 0.00529958340730903    7    1    7    1
 0.0003356182960935049    7    1    7    2
 0.006085880615568653    7    1    7    3
 0.00400932400892254    7    1    7    4
 -0.00207421417111777    7    1    7    7
 -0.002231197932623478    7    1    8    5
 0.0001070813959473226    7    1    8    6
 -0.001915516176569508    7    1    8    8
 -0.0001070813959473222    7    1    9    5
 -0.002231197932623479    7    1    9    6
 -0.001915516176569477    7    1    9    9
 -0.009745360309693448    7    1   10    1
 0.0003530603633726018    7    1   10    2
 -0.006898496736005959    7    1   10    3
 -0.003139274054836043    7    1   10    4
 0.001243676920032639    7    1   10    7
 -0.009665540783767787    7    1   10   10
 -0.01286322342048504    7    2    1    1
 -2.481243787377371e-05    7    2    2    1
 -0.2243654882047325    7    2    2    2
 -0.0001659557427022586    7    2    3    1
 0.01351047312557834    7    2    3    2
 -0.01877634332467052    7    2    3    3
 0.0004685618099231578    7    2    4    1
 -0.02186653083771631    7    2    4    2
 0.007440515598029731    7    2    4    3
 -0.01170503677411659    7    2    4    4
 -0.009748374549722378    7    2    5    5
 -0.009748374549722343    7    2    6    6
 0.0003356182960935046    7    2    7    1
 0.03218973745413214    7    2    7    2
 0.003211468717696138    7    2    7    3
 -0.005394064691028308    7    2    7    4
 0.005390796424330479    7    2    7    7
 0.001594172762922492    7    2    8    5
 -7.650878585846528e-05    7    2    8    6
 -0.005837516041704888    7    2    8    8
 7.650878585846426e-05    7    2    9    5
 0.001594172762922518    7    2    9    6
 -0.005837516041704911    7    2    9    9
 -0.0004961787997101189    7    2   10    1
 -0.00456193039426857    7    2   10    2
 0.004923437919400895    7    2   10    3
 -0.009095385412911777    7    2   10    4
 0.008308566039324545    7    2   10    7
 -0.01922687755276144    7    2   10   10
 -0.09128320615182854    7    3    1    1
 2.543279729155178e-06    7    3    2    1
 -0.01362128094852075    7    3    2    2
 -0.002380114846254812    7    3    3    1
 -0.004088390086225026    7    3    3    2
 -0.08650239128879091    7    3    3    3
 0.00972421989807736    7    3    4    1
 0.002824020385529652    7    3    4    2
 0.0309156883009251    7    3    4    3
 -0.01222374079936766    7    3    4    4
 -0.04529517093672512    7    3    5    5
 -0.04529517093672486    7    3    6    6
 0.006085880615568655    7    3    7    1
 0.003211468717696135    7    3    7    2
 0.0336201012288085    7    3    7    3
 -0.01194072334803913    7    3    7    4
 -0.008301571633759001    7    3    7    7
 0.01504755910514805    7    3    8    5
 -0.0007221742235501687    7    3    8    6
 -0.01903386761867839    7    3    8    8
 0.0007221742235501584    7    3    9    5
 0.01504755910514822    7    3    9    6
 -0.0190338676186786    7    3    9    9
 -0.009629413108795013    7    3   10    1
 0.007316472363223219    7    3   10    2
 -0.0333863653808045    7    3   10    3
 -0.006158237660295826    7    3   10    4
 0.01685032129221631    7    3   10    7
 -0.06593482156920991    7    3   10   10
 0.2534894769682334    7    4    1    1
 -7.629098017395633e-05    7    4    2    1
 -0.1379455456942162    7    4    2    2
 -0.005542559712337175    7    4    3    1
 0.007570207095297409    7    4    3    2
 0.1032283195764212    7    4    3    3
 0.004205511444021478    7    4    4    1
 -0.005611978670814716    7    4    4    2
 0.0612425667969856    7    4    4    3
 0.1403372866840964    7    4    4    4
 0.08880017557877047    7    4    5    5
 0.08880017557876888    7    4    6    6
 0.004009324008922536    7    4    7    1
 -0.005394064691028303    7    4    7    2
 -0.01194072334803913    7    4    7    3
 0.1110144865679434    7    4    7    4
 -0.07424595970184716    7    4    7    7
 -0.1063354232252968    7    4    8    5
 0.005103332784207846    7    4    8    6
 -0.01338386753921661    7    4    8    8
 -0.005103332784207789    7    4    9    5
 -0.1063354232252974    7    4    9    6
 -0.01338386753921515    7    4    9    9
 -0.009014974551332287    7    4   10    1
 -0.01437082154060765    7    4   10    2
 0.0472442932401622    7    4   10    3
 -0.04689985947109249    7    4   10    4
 -0.07451485087763729    7    4   10    7
 0.03071374296329589    7    4   10   10
 0.0004327854334028007    7    5    5    1
 0.003719981528051238    7    5    5    2
 0.005720795562301621    7    5    5    3
 0.002606575220664182    7    5    5    4
 0.02117182339912074    7    5    7    5
 -0.0004867011848842298    7    5    8    1
 0.007209277998282055    7    5    8    2
 0.006757116973984307    7    5    8    3
 -0.02503318162949341    7    5    8    4
 0.02473833222328903    7    5    8    7
 -2.335814385832604e-05    7    5    9    1
 0.0003459933072457854    7    5    9    2
 0.000324292841784237    7    5    9    3
 -0.001201412028352468    7    5    9    4
 0.001187261385081891    7    5    9    7
 -0.01054940110998845    7    5   10    5
 -0.002034874656368662    7    5   10    8
 -9.765929575130784e-05    7    5   10    9
 0.0004327854334027975    7    6    6    1
 0.003719981528051345    7    6    6    2
 0.005720795562301807    7    6    6    3
 0.002606575220663801    7    6    6    4
 0.02117182339912107    7    6    7    6
 2.335814385832629e-05    7    6    8    1
 -0.000345993307245794    7    6    8    2
 -0.0003242928417842464    7    6    8    3
 0.00120141202835249    7    6    8    4
 -0.001187261385081921    7    6    8    7
 -0.0004867011848842326    7    6    9    1
 0.007209277998282137    7    6    9    2
 0.006757116973984395    7    6    9    3
 -0.02503318162949364    7    6    9    4
 0.0247383322232893    7    6    9    7
 -0.0105494011099885    7    6   10    6
 9.765929575131536e-05    7    6   10    8
 -0.002034874656368724    7    6   10    9
 0.4821926436266122    7    7    1    1
 8.425236561601607e-05    7    7    2    1
 0.7831298611515174    7    7    2    2
 -0.0009485300056123579    7    7    3    1
 -0.01156721954465745    7    7    3    2
 0.4622638123171314    7    7    3    3
 -0.004550476871791971    7    7    4    1
 0.009321947606171893    7    7    4    2
 -0.05460463152576606    7    7    4    3
 0.4459552996496284    7    7    4    4
 0.4465821870462596    7    7    5    5
 0.4465821870462602    7    7    6    6
 -0.002074214171117771    7    7    7    1
 0.005390796424330468    7    7    7    2
 -0.008301571633758997    7    7    7    3
 -0.07424595970184718    7    7    7    4
 0.6308689556026514    7    7    7    7
 0.07231652179806171    7    7    8    5
 -0.003470671064617966    7    7    8    6
 0.5383867426329138    7    7    8    8
 0.003470671064617827    7    7    9    5
 0.07231652179806243    7    7    9    6
 0.5383867426329129    7    7    9    9
 0.002550693017026784    7    7   10    1
 0.02314387076917316    7    7   10    2
 -0.01151769172131725    7    7   10    3
 0.009618327416547445    7    7   10    4
 0.07783446267697662    7    7   10    7
 0.5527292725540316    7    7   10   10
 -0.01359861022648038    8    1    5    1
 -0.0001951682060851065    8    1    5    2
 -0.01662137763108786    8    1    5    3
 -0.008132320298077389    8    1    5    4
 0.0006526351359078553    8    1    6    1
 9.366665165181097e-06    8    1    6    2
 0.0007977061529506361    8    1    6    3
 0.0003902926751034334    8    1    6    4
 -0.0004867011848842282    8    1    7    5
 2.335814385832626e-05    8    1    7    6
 0.0106777503240083    8    1    8    1
 -0.0002913106524405187    8    1    8    2
 0.009491254127778263    8    1    8    3
 0.008086108436807411    8    1    8    4
 -4.21735352992753e-05    8    1    8    7
 -0.00698934593084966    8    1   10    5
 0.0003354381554818413    8    1   10    6
 0.006305943849165998    8    1   10    8
 0.0003550046124716802    8    2    5    1
 0.009540027224239384    8    2    5    2
 0.009250179064492053    8    2    5    3
 -0.007356045885171882    8    2    5    4
 -1.703765897026765e-05    8    2    6    1
 -0.000457852446710482    8    2    6    2
 -0.0004439418271707681    8    2    6    3
 0.0003530371064437963    8    2    6    4
 0.007209277998282055    8    2    7    5
 -0.000345993307245794    8    2    7    6
 -0.0002913106524405186    8    2    8    1
 0.01807349187639331    8    2    8    2
 0.006898790665758437    8    2    8    3
 -0.01299994949225266    8    2    8    4
 0.01537687874390027    8    2    8    7
 -0.005995357493014485    8    2   10    5
 0.0002877338850885255    8    2   10    6
 -0.01065467109379773    8    2   10    8
 -0.01246254897507647    8    3    5    1
 0.003748344010853394    8    3    5    2
 -0.03720274322312825    8    3    5    3
 -0.03511512552975629    8    3    5    4
 0.0005981123959468386    8    3    6    1
 -0.0001798934569202578    8    3    6    2
 0.001785463144777244    8    3    6    3
 0.001685272563949755    8    3    6    4
 0.006757116973984305    8    3    7    5
 -0.0003242928417842464    8    3    7    6
 0.009491254127778265    8    3    8    1
 0.006898790665758436    8    3    8    2
 0.03869038461997158    8    3    8    3
 0.006326510707108391    8    3    8    4
 0.01806699959006925    8    3    8    7
 -0.02923089318672517    8    3   10    5
 0.001402871883957517    8    3   10    6
 -0.000258450719495231    8    3   10    8
 -1.654342541210428e-15    8    4    1    1
 -0.01038657035119618    8    4    5    1
 -0.007261617265751722    8    4    5    2
 -0.06089609119189666    8    4    5    3
 -0.0136975097291844    8    4    5    4
 0.0004984804064439948    8    4    6    1
 0.0003485052142987548    8    4    6    2
 0.002922572828353432    8    4    6    3
 0.0006573815981796086    8    4    6    4
 -0.02503318162949341    8    4    7    5
 0.00120141202835249    8    4    7    6
 0.00808610843680741    8    4    8    1
 -0.01299994949225266    8    4    8    2
 0.006326510707108384    8    4    8    3
 0.05650562866467088    8    4    8    4
 -0.03090740835872132    8    4    8    7
 0.007562541814049757    8    4   10    5
 -0.0003629474205393717    8    4   10    6
 0.03033955413863398    8    4   10    8
 -0.3366690807479983    8    5    1    1
 7.614871072695993e-05    8    5    2    1
 0.1882916262237767    8    5    2    2
 0.006696020997406014    8    5    3    1
 -0.00478048510998427    8    5    3    2
 -0.1152062312566565    8    5    3    3
 -0.0003124052244402831    8    5    4    1
 0.003739288593097069    8    5    4    2
 -0.08325334879684203    8    5    4    3
 -0.1261305429807147    8    5    4    4
 -0.1234759691627069    8    5    5    5
 0.000474293717307199    8    5    6    5
 -0.103710758742161    8    5    6    6
 -0.002231197932623476    8    5    7    1
 0.00159417276292249    8    5    7    2
 0.01504755910514804    8    5    7    3
 -0.1063354232252968    8    5    7    4
 0.07231652179806172    8    5    7    7
 0.1626489975035037    8    5    8    5
 -0.007033790872641606    8    5    8    6
 0.02373571740356823    8    5    8    8
 0.007033790872641508    8    5    9    5
 0.1304697000014146    8    5    9    6
 0.0002137368022682404    8    5    9    8
 0.01482867791034252    8    5    9    9
 0.006462396964583941    8    5   10    1
 0.005861456750463112    8    5   10    2
 -0.0893350458350495    8    5   10    3
 0.05726346834600826    8    5   10    4
 0.06921894026297488    8    5   10    7
 -0.02149315188465773    8    5   10   10
 0.01615768579366149    8    6    1    1
 -3.654588472410423e-06    8    6    2    1
 -0.009036638967089087    8    6    2    2
 -0.0003213606759001134    8    6    3    1
 0.0002294287796693186    8    6    3    2
 0.00552906754009369    8    6    3    3
 1.499319582775322e-05    8    6    4    1
 -0.00017945886223009    8    6    4    2
 0.003995559818385523    8    6    4    3
 0.006053355651010141    8    6    4    4
 0.004977367833883091    8    6    5    5
 -0.009882605210271955    8    6    6    5
 0.005925955268497452    8    6    6    6
 0.0001070813959473225    8    6    7    1
 -7.65087858584654e-05    8    6    7    2
 -0.0007221742235501699    8    6    7    3
 0.005103332784207846    8    6    7    4
 -0.003470671064617966    8    6    7    7
 -0.007033790872641606    8    6    8    5
 0.0164272199429288    8    6    8    6
 -0.001139143110623558    8    6    8    8
 0.01575207755916159    8    6    9    5
 -0.007033790872641638    8    6    9    6
 0.004453519746612004    8    6    9    8
 -0.0007116695060871923    8    6    9    9
 -0.0003101484086262669    8    6   10    1
 -0.0002813076159435347    8    6   10    2
 0.004287437378443235    8    6   10    3
 -0.002748233152074486    8    6   10    4
 -0.003322009509321519    8    6   10    7
 0.001031516152585595    8    6   10   10
 8.663207523588831e-05    8    7    5    1
 0.008232998566846584    8    7    5    2
 0.02002955847754594    8    7    5    3
 -0.02778198736030096    8    7    5    4
 -4.15771429976377e-06    8    7    6    1
 -0.0003951245053071785    8    7    6    2
 -0.000961274233282511    8    7    6    3
 0.001333334862512154    8    7    6    4
 0.02473833222328903    8    7    7    5
 -0.001187261385081921    8    7    7    6
 -4.217353529927309e-05    8    7    8    1
 0.01537687874390027    8    7    8    2
 0.01806699959006926    8    7    8    3
 -0.03090740835872132    8    7    8    4
 0.06016005267656947    8    7    8    7
 -0.00631167160667883    8    7   10    5
 0.0003029146793846178    8    7   10    6
 -0.01892969240132095    8    7   10    8
 0.6425071612059409    8    8    1    1
 6.41627946472809e-06    8    8    2    1
 0.7520629784973434    8    8    2    2
 -0.003208785201709159    8    8    3    1
 -0.004263391838437944    8    8    3    2
 0.5592983898024338    8    8    3    3
 -0.005226028639906578    8    8    4    1
 0.005251889095219458    8    8    4    2
 -0.03914742197111156    8    8    4    3
 0.5138498922764223    8    8    4    4
 0.5551211923413135    8    8    5    5
 -0.001883478352931889    8    8    6    5
 0.5159665518708711    8    8    6    6
 -0.001915516176569508    8    8    7    1
 -0.005837516041704892    8    8    7    2
 -0.01903386761867841    8    8    7    3
 -0.01338386753921657    8    8    7    4
 0.5383867426329139    8    8    7    7
 0.02373571740356826    8    8    8    5
 -0.001139143110623558    8    8    8    6
 0.593600502243526    8    8    8    8
 0.0007116695060872377    8    8    9    5
 0.01482867791034463    8    8    9    6
 0.5416421288988845    8    8    9    9
 0.001103063155790334    8    8   10    1
 0.001910378792697516    8    8   10    2
 0.007034403406871513    8    8   10    3
 0.02980616285799506    8    8   10    4
 -0.0007384877641072773    8    8   10    7
 0.5906276934113465    8    8   10   10
 -0.0006526351359078537    9    1    5    1
 -9.366665165180771e-06    9    1    5    2
 -0.0007977061529506311    9    1    5    3
 -0.0003902926751034335    9    1    5    4
 -0.01359861022648042    9    1    6    1
 -0.0001951682060851101    9    1    6    2
 -0.01662137763108794    9    1    6    3
 -0.0081323202980774    9    1    6    4
 -2.3358143858326e-05    9    1    7    5
 -0.0004867011848842316    9    1    7    6
 0.01067775032400849    9    1    9    1
 -0.0002913106524405198    9    1    9    2
 0.009491254127778468    9    1    9    3
 0.008086108436807538    9    1    9    4
 -4.21735352992708e-05    9    1    9    7
 -0.0003354381554818405    9    1   10    5
 -0.006989345930849675    9    1   10    6
 0.006305943849166101    9    1   10    9
 1.703765897026797e-05    9    2    5    1
 0.0004578524467104721    9    2    5    2
 0.0004439418271707663    9    2    5    3
 -0.0003530371064437897    9    2    5    4
 0.0003550046124716761    9    2    6    1
 0.00954002722423947    9    2    6    2
 0.00925017906449206    9    2    6    3
 -0.007356045885171944    9    2    6    4
 0.0003459933072457854    9    2    7    5
 0.007209277998282138    9    2    7    6
 -0.0002913106524405197    9    2    9    1
 0.01807349187639318    9    2    9    2
 0.006898790665758347    9    2    9    3
 -0.01299994949225257    9    2    9    4
 0.01537687874390017    9    2    9    7
 -0.0002877338850885198    9    2   10    5
 -0.005995357493014535    9    2   10    6
 -0.01065467109379765    9    2   10    9
 -0.0005981123959468338    9    3    5    1
 0.000179893456920256    9    3    5    2
 -0.001785463144777206    9    3    5    3
 -0.001685272563949748    9    3    5    4
 -0.01246254897507654    9    3    6    1
 0.003748344010853402    9    3    6    2
 -0.03720274322312884    9    3    6    3
 -0.03511512552975639    9    3    6    4
 0.0003242928417842369    9    3    7    5
 0.006757116973984392    9    3    7    6
 0.009491254127778469    9    3    9    1
 0.006898790665758348    9    3    9    2
 0.0386903846199721    9    3    9    3
 0.006326510707109052    9    3    9    4
 0.01806699959006908    9    3    9    7
 -0.001402871883957505    9    3   10    5
 -0.02923089318672532    9    3   10    6
 -0.0002584507194946389    9    3   10    9
 -0.0004984804064439949    9    4    5    1
 -0.0003485052142987482    9    4    5    2
 -0.002922572828353424    9    4    5    3
 -0.0006573815981796203    9    4    5    4
 -0.01038657035119619    9    4    6    1
 -0.007261617265751783    9    4    6    2
 -0.06089609119189673    9    4    6    3
 -0.01369750972918436    9    4    6    4
 -0.001201412028352468    9    4    7    5
 -0.02503318162949364    9    4    7    6
 0.00808610843680754    9    4    9    1
 -0.01299994949225257    9    4    9    2
 0.006326510707109058    9    4    9    3
 0.05650562866467107    9    4    9    4
 -0.03090740835872096    9    4    9    7
 0.0003629474205393583    9    4   10    5
 0.007562541814049869    9    4   10    6
 0.03033955413863388    9    4   10    9
 -0.01615768579366146    9    5    1    1
 3.654588472410394e-06    9    5    2    1
 0.00903663896708886    9    5    2    2
 0.0003213606759001109    9    5    3    1
 -0.0002294287796693145    9    5    3    2
 -0.005529067540093718    9    5    3    3
 -1.499319582775445e-05    9    5    4    1
 0.000179458862230087    9    5    4    2
 -0.003995559818385485    9    5    4    3
 -0.006053355651010176    9    5    4    4
 -0.0059259552684976    9    5    5    5
 -0.009882605210272311    9    5    6    5
 -0.004977367833883056    9    5    6    6
 -0.000107081395947322    9    5    7    1
 7.650878585846394e-05    9    5    7    2
 0.0007221742235501592    9    5    7    3
 -0.005103332784207788    9    5    7    4
 0.003470671064617828    9    5    7    7
 0.007033790872641506    9    5    8    5
 0.01575207755916158    9    5    8    6
 0.0007116695060872359    9    5    8    8
 0.01642721994292888    9    5    9    5
 0.00703379087264157    9    5    9    6
 0.004453519746611696    9    5    9    8
 0.001139143110623321    9    5    9    9
 0.0003101484086262639    9    5   10    1
 0.0002813076159435289    9    5   10    2
 -0.004287437378443194    9    5   10    3
 0.002748233152074459    9    5   10    4
 0.003322009509321482    9    5   10    7
 -0.001031516152585686    9    5   10   10
 -0.3366690807479999    9    6    1    1
 7.614871072696032e-05    9    6    2    1
 0.1882916262237782    9    6    2    2
 0.00669602099740603    9    6    3    1
 -0.004780485109984321    9    6    3    2
 -0.1152062312566573    9    6    3    3
 -0.0003124052244402724    9    6    4    1
 0.003739288593097106    9    6    4    2
 -0.08325334879684246    9    6    4    3
 -0.1261305429807153    9    6    4    4
 -0.1037107587421635    9    6    5    5
 -0.000474293717307271    9    6    6    5
 -0.1234759691627051    9    6    6    6
 -0.002231197932623474    9    6    7    1
 0.001594172762922513    9    6    7    2
 0.01504755910514822    9    6    7    3
 -0.1063354232252974    9    6    7    4
 0.07231652179806246    9    6    7    7
 0.1304697000014146    9    6    8    5
 -0.007033790872641638    9    6    8    6
 0.01482867791034468    9    6    8    8
 0.007033790872641569    9    6    9    5
 0.1626489975035056    9    6    9    6
 -0.000213736802267984    9    6    9    8
 0.02373571740356637    9    6    9    9
 0.006462396964583957    9    6   10    1
 0.005861456750463183    9    6   10    2
 -0.08933504583505014    9    6   10    3
 0.05726346834600839    9    6   10    4
 0.0692189402629753    9    6   10    7
 -0.0214931518846578    9    6   10   10
 4.157714299763986e-06    9    7    5    1
 0.00039512450530717    9    7    5    2
 0.0009612742332825016    9    7    5    3
 -0.001333334862512132    9    7    5    4
 8.66320752358854e-05    9    7    6    1
 0.008232998566846665    9    7    6    2
 0.02002955847754602    9    7    6    3
 -0.02778198736030119    9    7    6    4
 0.001187261385081891    9    7    7    5
 0.0247383322232893    9    7    7    6
 -4.217353529927075e-05    9    7    9    1
 0.01537687874390016    9    7    9    2
 0.01806699959006908    9    7    9    3
 -0.03090740835872096    9    7    9    4
 0.06016005267656914    9    7    9    7
 -0.0003029146793846101    9    7   10    5
 -0.006311671606678892    9    7   10    6
 -0.0189296924013209    9    7   10    9
 0.001883478352931754    9    8    5    5
 0.0195773202352213    9    8    6    5
 -0.001883478352931939    9    8    6    6
 0.0002137368022682414    9    8    8    5
 0.004453519746612002    9    8    8    6
 0.004453519746611698    9    8    9    5
 -0.0002137368022679846    9    8    9    6
 0.02597918667232092    9    8    9    8
 0.6425071612059458    9    9    1    1
 6.416279464727073e-06    9    9    2    1
 0.7520629784973408    9    9    2    2
 -0.003208785201709292    9    9    3    1
 -0.004263391838437883    9    9    3    2
 0.5592983898024355    9    9    3    3
 -0.00522602863990658    9    9    4    1
 0.005251889095219388    9    9    4    2
 -0.03914742197111042    9    9    4    3
 0.513849892276424    9    9    4    4
 0.5159665518708728    9    9    5    5
 0.001883478352931822    9    9    6    5
 0.5551211923413152    9    9    6    6
 -0.001915516176569482    9    9    7    1
 -0.005837516041704899    9    9    7    2
 -0.01903386761867859    9    9    7    3
 -0.01338386753921512    9    9    7    4
 0.538386742632913    9    9    7    7
 0.01482867791034248    9    9    8    5
 -0.0007116695060871958    9    9    8    6
 0.5416421288988843    9    9    8    8
 0.001139143110623321    9    9    9    5
 0.02373571740356639    9    9    9    6
 0.5936005022435257    9    9    9    9
 0.001103063155790231    9    9   10    1
 0.001910378792697392    9    9   10    2
 0.007034403406872755    9    9   10    3
 0.02980616285799434    9    9   10    4
 -0.0007384877641082259    9    9   10    7
 0.5906276934113468    9    9   10   10
 -0.2480931201278651   10    1    1    1
 3.835711796277664e-05   10    1    2    1
 0.01003275438301836   10    1    2    2
 0.04012777060538452   10    1    3    1
 0.0002400792396928896   10    1    3    2
 0.006704681311083379   10    1    3    3
 0.006420257485304995   10    1    4    1
 -4.025910203987997e-05   10    1    4    2
 -0.01892463930987268   10    1    4    3
 -0.02149636862287482   10    1    4    4
 -0.0006329151930523714   10    1    5    5
 -0.0006329151930522789   10    1    6    6
 -0.009745360309693456   10    1    7    1
 -0.00049617879971012   10    1    7    2
 -0.009629413108795016   10    1    7    3
 -0.009014974551332289   10    1    7    4
 0.002550693017026808   10    1    7    7
 0.006462396964583937   10    1    8    5
 -0.0003101484086262662   10    1    8    6
 0.001103063155790319   10    1    8    8
 0.0003101484086262651   10    1    9    5
 0.006462396964583947   10    1    9    6
 0.001103063155790231   10    1    9    9
 0.03955480083984383   10    1   10    1
 -0.0004723707832338288   10    1   10    2
 0.006109502060865104   10    1   10    3
 0.005507762290835984   10    1   10    4
 0.0002060521284491117   10    1   10    7
 0.00958970948562944   10    1   10   10
 -0.01362292004931905   10    2    1    1
 0.00010272508189809   10    2    2    1
 0.1711815938559011   10    2    2    2
 -0.000198651454691294   10    2    3    1
 -0.01920539252695802   10    2    3    2
 -0.0171454706628681   10    2    3    3
 0.0004912939053854283   10    2    4    1
 0.02032638724901775   10    2    4    2
 0.003523322613745717   10    2    4    3
 -0.005836145307851923   10    2    4    4
 -0.008846122879275501   10    2    5    5
 -0.008846122879275406   10    2    6    6
 0.0003530603633726021   10    2    7    1
 -0.004561930394268568   10    2    7    2
 0.00731647236322322   10    2    7    3
 -0.01437082154060765   10    2    7    4
 0.02314387076917315   10    2    7    7
 0.005861456750463112   10    2    8    5
 -0.0002813076159435347   10    2    8    6
 0.001910378792697492   10    2    8    8
 0.0002813076159435288   10    2    9    5
 0.005861456750463184   10    2    9    6
 0.001910378792697412   10    2    9    9
 -0.0004723707832338295   10    2   10    1
 0.03575446417448837   10    2   10    2
 0.000558142336224043   10    2   10    3
 -0.00582459085649856   10    2   10    4
 0.01245377346697422   10    2   10    7
 -0.007247074757444252   10    2   10   10
 0.316348276043848   10    3    1    1
 -3.364037944710394e-05   10    3    2    1
 -0.1235398327466946   10    3    2    2
 -0.006482538283069042   10    3    3    1
 0.003036119195317502   10    3    3    2
 0.1148297589725855   10    3    3    3
 -0.01631146735015423   10    3    4    1
 -0.003845760246849437   10    3    4    2
 0.02355271516109049   10    3    4    3
 0.05376205774510415   10    3    4    4
 0.08843030028412213   10    3    5    5
 0.08843030028412077   10    3    6    6
 -0.00689849673600595   10    3    7    1
 0.004923437919400881   10    3    7    2
 -0.03338636538080444   10    3    7    3
 0.04724429324016217   10    3    7    4
 -0.01151769172131722   10    3    7    7
 -0.0893350458350495   10    3    8    5
 0.004287437378443232   10    3    8    6
 0.00703440340687149   10    3    8    8
 -0.004287437378443192   10    3    9    5
 -0.08933504583505003   10    3    9    6
 0.00703440340687273   10    3    9    9
 0.006109502060865106   10    3   10    1
 0.00055814233622407   10    3   10    2
 0.1038171853861403   10    3   10    3
 -0.03932144419750418   10    3   10    4
 -0.048641478637907   10    3   10    7
 0.05581261590095407   10    3   10   10
 -0.1181701821392567   10    4    1    1
 2.023889136345731e-05   10    4    2    1
 0.138315963258997   10    4    2    2
 0.002298195162636567   10    4    3    1
 -0.0006890378720488595   10    4    3    2
 -0.001701566259725198   10    4    3    3
 -0.004414460256486321   10    4    4    1
 0.003019401399733306   10    4    4    2
 -0.05420975854992839   10    4    4    3
 -0.06246797337526644   10    4    4    4
 -0.01198349988958337   10    4    5    5
 -0.01198349988958253   10    4    6    6
 -0.003139274054836048   10    4    7    1
 -0.009095385412911784   10    4    7    2
 -0.006158237660295813   10    4    7    3
 -0.04689985947109246   10    4    7    4
 0.009618327416547522   10    4    7    7
 0.05726346834600816   10    4    8    5
 -0.002748233152074484   10    4    8    6
 0.02980616285799505   10    4    8    8
 0.002748233152074458   10    4    9    5
 0.05726346834600844   10    4    9    6
 0.02980616285799427   10    4    9    9
 0.005507762290835968   10    4   10    1
 -0.005824590856498561   10    4   10    2
 -0.0393214441975042   10    4   10    3
 0.05921959775232163   10    4   10    4
 0.01953036739965688   10    4   10    7
 0.02094177833441778   10    4   10   10
 0.009345894981612696   10    5    5    1
 -0.003346408663211211   10    5    5    2
 0.02170453658717036   10    5    5    3
 0.01439298763831592   10    5    5    4
 -0.01054940110998843   10    5    7    5
 -0.006989345930849663   10    5    8    1
 -0.005995357493014484   10    5    8    2
 -0.02923089318672517   10    5    8    3
 0.007562541814049765   10    5    8    4
 -0.006311671606678834   10    5    8    7
 -0.0003354381554818405   10    5    9    1
 -0.0002877338850885199   10    5    9    2
 -0.001402871883957505   10    5    9    3
 0.0003629474205393584   10    5    9    4
 -0.0003029146793846104   10    5    9    7
 0.03335827775331913   10    5   10    5
 0.002260627138715025   10    5   10    8
 0.0001084937854192861   10    5   10    9
 0.00934589498161258   10    6    6    1
 -0.003346408663211296   10    6    6    2
 0.02170453658716973   10    6    6    3
 0.01439298763831604   10    6    6    4
 -0.01054940110998848   10    6    7    6
 0.0003354381554818411   10    6    8    1
 0.0002877338850885255   10    6    8    2
 0.001402871883957517   10    6    8    3
 -0.0003629474205393718   10    6    8    4
 0.0003029146793846178   10    6    8    7
 -0.00698934593084968   10    6    9    1
 -0.005995357493014533   10    6    9    2
 -0.02923089318672532   10    6    9    3
 0.007562541814049879   10    6    9    4
 -0.006311671606678895   10    6    9    7
 0.03335827775331913   10    6   10    6
 -0.0001084937854192998   10    6   10    8
 0.002260627138715114   10    6   10    9
 -0.2098642937801917   10    7    1    1
 5.918656251692471e-05   10    7    2    1
 0.09686353742068168   10    7    2    2
 0.003095371103035943   10    7    3    1
 -0.004801408765559953   10    7    3    2
 -0.09198051364663615   10    7    3    3
 0.003808556466857114   10    7    4    1
 0.002145564963494181   10    7    4    2
 -0.02551855665429966   10    7    4    3
 -0.0801191143268442   10    7    4    4
 -0.07223841690345376   10    7    5    5
 -0.07223841690345269   10    7    6    6
 0.001243676920032636   10    7    7    1
 0.00830856603932455   10    7    7    2
 0.01685032129221633   10    7    7    3
 -0.07451485087763737   10    7    7    4
 0.07783446267697657   10    7    7    7
 0.06921894026297487   10    7    8    5
 -0.003322009509321518   10    7    8    6
 -0.0007384877641072845   10    7    8    8
 0.003322009509321481   10    7    9    5
 0.06921894026297534   10    7    9    6
 -0.0007384877641082297   10    7    9    9
 0.0002060521284491208   10    7   10    1
 0.01245377346697421   10    7   10    2
 -0.04864147863790697   10    7   10    3
 0.01953036739965693   10    7   10    4
 0.08119511200437272   10    7   10    7
 -0.03036571851180705   10    7   10   10
 -0.008337430876346552   10    8    5    1
 -0.006316950906685518   10    8    5    2
 -0.05551642113975002   10    8    5    3
 0.01091666014376744   10    8    5    4
 0.0004001365023692649   10    8    6    1
 0.0003031680476788734   10    8    6    2
 0.002664387496385814   10    8    6    3
 -0.0005239208902917204   10    8    6    4
 -0.002034874656368669   10    8    7    5
 9.76592957513156e-05   10    8    7    6
 0.006305943849166   10    8    8    1
 -0.01065467109379773   10    8    8    2
 -0.0002584507194952274   10    8    8    3
 0.03033955413863398   10    8    8    4
 -0.01892969240132094   10    8    8    7
 0.002260627138715046   10    8   10    5
 -0.0001084937854193004   10    8   10    6
 0.04518788516774307   10    8   10    8
 -0.0004001365023692644   10    9    5    1
 -0.0003031680476788677   10    9    5    2
 -0.002664387496385803   10    9    5    3
 0.0005239208902917073   10    9    5    4
 -0.008337430876346572   10    9    6    1
 -0.006316950906685569   10    9    6    2
 -0.05551642113975015   10    9    6    3
 0.01091666014376755   10    9    6    4
 -9.765929575130823e-05   10    9    7    5
 -0.002034874656368728   10    9    7    6
 0.006305943849166109   10    9    9    1
 -0.01065467109379765   10    9    9    2
 -0.000258450719494646   10    9    9    3
 0.03033955413863385   10    9    9    4
 -0.01892969240132089   10    9    9    7
 0.000108493785419287   10    9   10    5
 0.002260627138715134   10    9   10    6
 0.04518788516774306   10    9   10    9
 0.8842554002391257   10   10    1    1
 -4.71224264662404e-06   10   10    2    1
 0.8341306910816967   10   10    2    2
 -0.006648702342017569   10   10    3    1
 -0.001739758342599502   10   10    3    2
 0.6970255960627614   10   10    3    3
 -0.02142716059231775   10   10    4    1
 0.006813743133282292   10   10    4    2
 -0.06655084035026772   10   10    4    3
 0.5784036203944302   10   10    4    4
 0.6112013928766395   10   10    5    5
 0.6112013928766387   10   10    6    6
 -0.009665540783767778   10   10    7    1
 -0.01922687755276147   10   10    7    2
 -0.06593482156920986   10   10    7    3
 0.03071374296329579   10   10    7    4
 0.5527292725540317   10   10    7    7
 -0.02149315188465767   10   10    8    5
 0.001031516152585588   10   10    8    6
 0.5906276934113464   10   10    8    8
 -0.001031516152585677   10   10    9    5
 -0.0214931518846577   10   10    9    6
 0.5906276934113468   10   10    9    9
 0.009589709485629393   10   10   10    1
 -0.007247074757444228   10   10   10    2
 0.05581261590095381   10   10   10    3
 0.02094177833441754   10   10   10    4
 -0.03036571851180748   10   10   10    7
 0.7140550586819677   10   10   10   10
 -34.73235278688356    1    1  0  0
 0.001262729408305839    2    1  0  0
 -21.68217655518431    2    2  0  0
 0.5256312798859739    3    1  0  0
 0.173775588940754    3    2  0  0
 -9.974994103233582    3    3  0  0
 0.342966612688384    4    1  0  0
 -0.2547438684654034    4    2  0  0
 0.09130186783811647    4    3  0  0
 -8.602379290839599    4    4  0  0
 -1.423484047128426e-15    5    1  0  0
 4.99291119310063e-15    5    2  0  0
 -2.227370157576102e-15    5    4  0  0
 -8.583765279081131    5    5  0  0
 -1.597615155967022e-15    6    2  0  0
 -8.58376527908111    6    6  0  0
 0.02315546412017759    7    1  0  0
 0.3423916478819067    7    2  0  0
 0.5934668336951398    7    3  0  0
 -0.8367676959423892    7    4  0  0
 4.187439763452612e-15    7    5  0  0
 -2.851588331241862e-15    7    6  0  0
 -6.992536337855478    7    7  0  0
 -2.8302423800563e-15    8    2  0  0
 5.35070785253935e-15    8    4  0  0
 0.9255895505677602    8    5  0  0
 -0.04442161750863062    8    6  0  0
 -7.486826669597489    8    8  0  0
 0.0444216175086313    9    5  0  0
 0.9255895505677659    9    6  0  0
 -7.486826669597503    9    9  0  0
 0.2641824550762126   10    1  0  0
 -0.1011662050880836   10    2  0  0
 -0.9116845387857261   10    3  0  0
 0.05884715523160111   10    4  0  0
 -1.00547648878555e-15   10    5  0  0
 1.149318420060771e-15   10    6  0  0
 0.6656276592794832   10    7  0  0
 -8.13253583922609   10   10  0  0
 22.5140712945591  0  0  0  0
