  dist   HF               MP2            MP3            MP4            CISD           CCSD           CCSD(T)        CASSCF         DMRG           NEVPT2     NEVPT3
  0.80   -108.4073586     MP2            MP3            MP4            -0.2411202     -0.2524962     -0.0054709     -108.4496305   -108.4856924   -0.179765   0.0023810
  0.90   -108.7827989     MP2            MP3            MP4            -0.2577770     -0.2718372     -0.0070744     -108.8780779   -108.8780779   -0.153746  -0.0026137
  1.00   -108.9298384     MP2            MP3            MP4            -0.2747497     -0.2920817     -0.0092178     -109.0444019   -109.0444019   -0.159101  -0.0046808
  1.03   -108.9465833     MP2            MP3            MP4            -0.2799412     -0.2983890     -0.0099825     -109.0674277   -109.0674277   -0.157615  -0.0022830
  1.06   -108.9544382     MP2            MP3            MP4            -0.2851869     -0.3048190     -0.0108083     -109.0818014   -109.0818014   -0.155217   0.0009931
  1.09   -108.9549947     MP2            MP3            MP4            -0.2904890     -0.3113776     -0.0116976     -109.0891180   -109.0891180   -0.158345  -0.0012802
  1.12   -108.9495920     MP2            MP3            MP4            -0.2958478     -0.3180685     -0.0126528     -109.0907196   -109.0907196   -0.156522   0.0013835
  1.15   -108.9393559     MP2            MP3            MP4            -0.3012619     -0.3248937     -0.0136758     -109.0877340   -109.0877340   -0.158424   0.0003246
  1.18   -108.9252315     MP2            MP3            MP4            -0.3067283     -0.3318533     -0.0147686     -109.0811073   -109.0811073   -0.157205   0.0023783
  1.20   -108.9140520     MP2            MP3            MP4            -0.3103994     -0.3365668     -0.0155368     -109.0750637   -109.0750637   -0.158219   0.0019147
  1.30   -108.8438876     MP2            MP3            MP4            -0.3290056     -0.3609809     -0.0198697     -109.0322251   -109.0322251   -0.161065   0.0017740
  1.40   -108.7617180     MP2            MP3            MP4            -0.3478115     -0.3866651     -0.0250679     -108.9801055   -108.9801055   -0.165550  -0.0002609
  1.80   -108.4510432     MP2            MP3            MP4            -0.4194741     -0.5025983     -0.0600257     -108.8191729   -108.8191729   -0.167299  -0.0004527
  2.00   -108.3305828     MP2            MP3            MP4            -0.4511362     -0.5813272     -0.1034772     -108.7896614   -108.7896614   -0.161441   0.0002242
  2.50   -108.1197534     MP2            MP3            MP4            -0.5162077     -0.4663883     -0.0792813     -108.7775661   -108.7775661   -0.151142   0.0003998
  3.00   -107.9940788     MP2            MP3            MP4            -0.5626369     -0.5289455     -0.1284543     -108.7772153   -108.7762160   -0.151379  -0.0002931
  3.50   -107.9167642     MP2            MP3            MP4            -0.5953076     -0.5363630     -0.1818223     -108.7770693   -108.7768939   -0.152423   0.0009678
  7.00   -108.1982237     MP2            MP3            MP4            -0.4151561     -0.5013183     -0.0777117     -108.7768285   -108.7768285   -0.150932  -0.0000128
