  dist  HF            MP2           MP3           MP4           CISD          CCSD          CCSD(T)       CASSCF        MRCI          NEVPT2
  0.80  -108.4073586  -108.6400078  -108.6529884  -108.6596383  -108.6435257  -108.6546283  -108.6600247  -108.4953275  -108.6527776  -108.6329563
  0.90  -108.7827989  -109.0374446  -109.0475324  -109.0570193  -109.0362642  -109.0500611  -109.0570641  -108.8886699  -109.0503947  -109.0292401
  1.00  -108.9298384  -109.2088396  -109.2135006  -109.2279066  -109.2007180  -109.2177884  -109.2269343  -109.0560251  -109.2208179  -109.1988616
  1.03  -108.9465833  -109.2335416  -109.2358843  -109.2523560  -109.2227607  -109.2409463  -109.2508561  -109.0793577  -109.2449006  -109.2227946
  1.06  -108.9544382  -109.2497157  -109.2493421  -109.2682346  -109.2359591  -109.2553279  -109.2660624  -109.0940318  -109.2602692  -109.2380505
  1.09  -108.9549947  -109.2589871  -109.2554464  -109.2771739  -109.2419081  -109.2625320  -109.2741545  -109.1016395  -109.2685275  -109.2462308
  1.12  -108.9495920  -109.2627279  -109.2555103  -109.2805570  -109.2419486  -109.2639031  -109.2764791  -109.1035197  -109.2710249  -109.2486827
  1.15  -108.9393559  -109.2620952  -109.2506259  -109.2795569  -109.2372059  -109.2605698  -109.2741668  -109.1007969  -109.2688950  -109.2465376
  1.18  -108.9252315  -109.2580638  -109.2416963  -109.2751712  -109.2286225  -109.2534776  -109.2681653  -109.0944138  -109.2630883  -109.2407439
  1.20  -108.9140520  -109.2538986  -109.2338683  -109.2707924  -109.2211613  -109.2470575  -109.2625117  -109.0885201  -109.2575731  -109.2352518
  1.30  -108.8438876  -109.2225076  -109.1784273  -109.2391220  -109.1698122  -109.2015086  -109.2212859  -109.0462376  -109.2171686  -109.1951075
  1.40  -108.7617180  -109.1858057  -109.1054116  -109.2055505  -109.1066132  -109.1451787  -109.1701407  -108.9942359  -109.1671072  -109.1454584
  1.80  -108.4510432  -109.1280948  -108.6921766  -109.3393380  -108.8705173  -108.9536415  -108.6373580  -108.8273794  -109.0073316  -108.9860642
  2.00  -108.3305828  na            na            na            -108.7817190  -108.9119099  -109.0153872  -108.7896614  -108.7896614  -108.9508784
  2.50  -108.1197534  na            na            na            -108.6359611  -108.5868191  -108.6939303  -108.5491766  -108.7775661  -108.9312747
  3.00  -107.9940788  na            na            na            -108.5567157  -108.5125637  -108.6119005  -108.6466762  -108.7772153  -108.9275451
  3.50  -107.9167642  na            na            na            -108.5120718  -108.5773323  -108.7702676  -108.7771244  -108.9498649  -108.9281609
  7.00  -107.7706865  na            na            na            -108.4424317  -111.3416702  -115.8092133  -108.7768290  -108.9493302  -108.9277482

