   214.15   214.15   214.15
   435.57   435.57   435.57
   655.53   655.53   655.53
   874.84   874.84   874.84
  1094.31  1094.31  1094.31
  1314.13  1314.13  1314.13
  1534.20  1534.20  1534.20
  1753.77  1753.77  1753.77
  1973.04  1973.04  1973.04
  2193.51  2193.51  2193.51
  2412.39  2412.39  2412.39
  2631.36  2631.36  2631.36
  2849.48  2849.48  2849.48
  3069.08  3069.08  3069.08
  3287.40  3287.40  3287.40
  3506.60  3506.60  3506.60
  3724.93  3724.93  3724.93
  3944.25  3944.25  3944.25
  4163.52  4163.52  4163.52
  4383.64  4383.64  4383.64
  4601.99  4601.99  4601.99
  4821.24  4821.24  4821.24
  5040.10  5040.10  5040.10
  5259.40  5259.40  5259.40
  5478.10  5478.10  5478.10
  5697.96  5697.96  5697.96
  5917.12  5917.12  5917.12
  6135.86  6135.86  6135.86
  6354.55  6354.55  6354.55
  6574.24  6574.24  6574.24
  6793.07  6793.07  6793.07
  7012.46  7012.46  7012.46
  7231.67  7231.67  7231.67
  7451.15  7451.15  7451.15
  7670.46  7670.46  7670.46
  7890.44  7890.44  7890.44
  8110.38  8110.38  8110.38
  8330.18  8330.18  8330.18
  8549.22  8549.22  8549.22
  8769.10  8769.10  8769.10
  8988.93  8988.93  8988.93
  9208.41  9208.41  9208.42
  9426.99  9426.99  9426.99
  9647.16  9647.16  9647.16
  9866.17  9866.17  9866.17
 10085.82 10085.82 10085.82
 10305.02 10305.02 10305.02
 10525.08 10525.08 10525.08
 10743.74 10743.74 10743.74
 10963.92 10963.92 10963.92
 11183.12 11183.12 11183.12
 11404.00 11404.00 11404.00
 11622.98 11622.98 11622.98
 11843.39 11843.39 11843.39
 12063.06 12063.06 12063.06
 12283.66 12283.66 12283.66
 12503.21 12503.21 12503.21
 12723.26 12723.26 12723.26
 12943.59 12943.59 12943.59
 13163.78 13163.78 13163.78
 13383.23 13383.23 13383.23
 13603.63 13603.63 13603.63
 13822.91 13822.91 13822.91
 14043.11 14043.11 14043.11
 14263.41 14263.41 14263.41
 14483.24 14483.24 14483.24
 14702.69 14702.69 14702.69
 14922.36 14922.36 14922.36
 15141.93 15141.93 15141.93
 15362.47 15362.47 15362.47
 15581.82 15581.82 15581.82
 15801.99 15801.99 15802.00
 16021.45 16021.45 16021.45
 16241.84 16241.84 16241.84
 16461.52 16461.52 16461.53
 17044.94 17319.49 17664.89
 18221.28 18781.23 19125.65
 19732.56 20132.23 20476.23
 20927.53 21245.49 21589.85
 22117.95 22466.08 22809.96
 23269.75 23558.26 23902.57
 24471.38 25065.76 25409.18
 26041.73 26700.06 27044.61
 27651.02 28237.73 28581.28
 29053.14 29511.65 29855.57
 30461.93 31086.78 31430.30
 32103.10 32811.43 33154.65
 33677.26 34233.16 34577.54
 35152.99 35737.76 36082.31
 36665.33 37344.31 37687.67
 38256.33 38776.82 39120.54
 39682.59 39989.62 40333.07
 40939.58 41578.66 41922.24
 42605.29 43391.28 43735.30
 44407.39 45560.87 45905.56
 46566.86 47305.23 47648.83
 48395.54 49266.35 49610.68
 50438.58 51069.45 51413.68
 52188.44 52645.61 52989.56
 53817.15 54147.45 54491.18
 55268.29 55726.36 56070.63
 57058.70 57596.97 57941.18
 58687.02 58929.86 59274.35
 60359.89 61030.82 61374.40
 62260.82 63565.88 63910.51
 64956.54 65856.03 66199.48
 67089.12 67681.98 68026.33
 69043.11 69738.15 70082.37
 71098.80 71999.59 72344.63
 73506.36 74466.33 74809.73
 75717.14 76115.48 76459.76
