                        0 O 1s             0 O 2s             0 O 2px            0 O 2py            0 O 2pz            1 C 1s             1 C 2s             1 C 2px            1 C 2py            1 C 2pz           
  0 O 1s       1.00000000000000   0.23114487653660   0.00000000000000   0.00000000000000   0.00000000000000   0.00005606211928   0.04611459924116   0.00000000000000   0.00000000000000  -0.07864781154124
  0 O 2s       0.23114487653660   1.00000000000000   0.00000000000000   0.00000000000000   0.00000000000000   0.04865657333357   0.41439750407373   0.00000000000000   0.00000000000000  -0.47982380155581
  0 O 2px      0.00000000000000   0.00000000000000   1.00000000000000   0.00000000000000   0.00000000000000   0.00000000000000   0.00000000000000   0.24929287813612   0.00000000000000   0.00000000000000
  0 O 2py      0.00000000000000   0.00000000000000   0.00000000000000   1.00000000000000   0.00000000000000   0.00000000000000   0.00000000000000   0.00000000000000   0.24929287813612   0.00000000000000
  0 O 2pz      0.00000000000000   0.00000000000000   0.00000000000000   0.00000000000000   1.00000000000000   0.08158302665252   0.34611146382357   0.00000000000000   0.00000000000000  -0.31049558440205
  1 C 1s       0.00005606211928   0.04865657333357   0.00000000000000   0.00000000000000   0.08158302665252   1.00000000000000   0.24322804496619   0.00000000000000   0.00000000000000  -0.00000000000000
  1 C 2s       0.04611459924116   0.41439750407373   0.00000000000000   0.00000000000000   0.34611146382357   0.24322804496619   1.00000000000000   0.00000000000000   0.00000000000000  -0.00000000000000
  1 C 2px      0.00000000000000   0.00000000000000   0.24929287813612   0.00000000000000   0.00000000000000   0.00000000000000   0.00000000000000   1.00000000000000   0.00000000000000   0.00000000000000
  1 C 2py      0.00000000000000   0.00000000000000   0.00000000000000   0.24929287813612   0.00000000000000   0.00000000000000   0.00000000000000   0.00000000000000   1.00000000000000   0.00000000000000
  1 C 2pz     -0.07864781154124  -0.47982380155581   0.00000000000000   0.00000000000000  -0.31049558440205  -0.00000000000000  -0.00000000000000   0.00000000000000   0.00000000000000   1.00000000000000
