  dist            HF            MP2           CISD           CCSD          CCSD(T)          CASSCF          MRCI           NEVPT2
    0.80    -24.9783350    -25.0825653        na             -25.1107094    -25.1132193    -25.0189989    -25.0189989    -25.0892165
    0.90    -25.0597386    -25.1625853        na             -25.1905954    -25.1930951    -25.1004286    -25.1004286    -25.1688207
    1.00    -25.1036655    -25.2057232        na             -25.2335085    -25.2360242    -25.1444222    -25.1444222    -25.2118379
    1.03    -25.1118693    -25.2137629        na             -25.2414760    -25.2440012    -25.1526515    -25.1526515    -25.2197965
    1.06    -25.1183119    -25.2200701        na             -25.2477190    -25.2502557    -25.1591211    -25.1591211    -25.2261424
    1.09    -25.1232302    -25.2248808        na             -25.2524765    -25.2550267    -25.1640676    -25.1640676    -25.2305991
    1.12    -25.1268299    -25.2283992        na             -25.2559549    -25.2585205    -25.1676963    -25.1676963    -25.2339998
    1.15    -25.1292894    -25.2308020        na             -25.2583328    -25.2609159    -25.1701850    -25.1701850    -25.2364976
    1.18    -25.1307639    -25.2322425        na             -25.2597648    -25.2623675    -25.1716884    -25.1716884    -25.2378509
    1.20    -25.1312669    -25.2327345        na             -25.2603289    -25.2629472    -25.1722105    -25.1722105    -25.2382338
    1.30    -25.1292622    -25.2307916        na             -25.2585402    -25.2612436    -25.1702934    -25.1702934    -25.2358558
    1.40    -25.1220220    -25.2237654        na             -25.2518617    -25.2546762    -25.1631198    -25.1631198    -25.2284543
    1.80    -25.0743799    -25.1781496        na             -25.2096885    -25.2132620    -25.1154613    -25.1154613    -25.1805552
    2.00    -25.0493972    -25.1546955        na             -25.1890032    -25.1931947    -25.10         -25.0903461    -25.16     
    2.50    -24.9956953    -25.1055091        na             -25.1490060    -25.1560084    -25.07         -25.08         -25.13     
    3.00    -24.9551952    -25.0709754        na             -25.1259765    -25.1391927    -25.0569130    -25.0569130    -25.1143394
    3.50    -24.9252885    -25.0492889        na             -25.1155109    -25.1393163    -25.0505151    -25.0505151    -25.1074246
    7.00    -24.8274178    -24.9316314        na             -24.8611580    -24.9363429    -25.0478402    -25.0478402    -25.1047065
