                 #0                 #1                 #2                 #3                 #4                 #5                 #6                 #7                 #8                 #9                
0       1.00000000000000   0.22941578706978   0.00000000000000   0.00000000000000   0.00000000000000   0.00004863593713   0.05252679455801   0.00000000000000   0.00000000000000  -0.08888801496302
1       0.22941578706978   1.00000000000000   0.00000000000000   0.00000000000000   0.00000000000000   0.05252679455801   0.44871435752190   0.00000000000000   0.00000000000000  -0.43976821132516
2       0.00000000000000   0.00000000000000   1.00000000000000   0.00000000000000   0.00000000000000   0.00000000000000   0.00000000000000   0.28029498817628   0.00000000000000   0.00000000000000
3       0.00000000000000   0.00000000000000   0.00000000000000   1.00000000000000   0.00000000000000   0.00000000000000   0.00000000000000   0.00000000000000   0.28029498817628   0.00000000000000
4       0.00000000000000   0.00000000000000   0.00000000000000   0.00000000000000   1.00000000000000   0.08888801496302   0.43976821132516   0.00000000000000   0.00000000000000  -0.32134444056786
5       0.00004863593713   0.05252679455801   0.00000000000000   0.00000000000000   0.08888801496302   1.00000000000000   0.22941578706978   0.00000000000000   0.00000000000000   0.00000000000000
6       0.05252679455801   0.44871435752190   0.00000000000000   0.00000000000000   0.43976821132516   0.22941578706978   1.00000000000000   0.00000000000000   0.00000000000000  -0.00000000000000
7       0.00000000000000   0.00000000000000   0.28029498817628   0.00000000000000   0.00000000000000   0.00000000000000   0.00000000000000   1.00000000000000   0.00000000000000   0.00000000000000
8       0.00000000000000   0.00000000000000   0.00000000000000   0.28029498817628   0.00000000000000   0.00000000000000   0.00000000000000   0.00000000000000   1.00000000000000   0.00000000000000
9      -0.08888801496302  -0.43976821132516   0.00000000000000   0.00000000000000  -0.32134444056786   0.00000000000000  -0.00000000000000   0.00000000000000   0.00000000000000   1.00000000000000
