                 #0                 #1                 #2                 #3                 #4                 #5                 #6                 #7                 #8                 #9                
0       1.00000000000000   0.23114487653660   0.00000000000000   0.00000000000000   0.00000000000000   0.00005606211928   0.04611459924116   0.00000000000000   0.00000000000000  -0.07864781154124
1       0.23114487653660   1.00000000000000   0.00000000000000   0.00000000000000   0.00000000000000   0.04865657333357   0.41439750407373   0.00000000000000   0.00000000000000  -0.47982380155581
2       0.00000000000000   0.00000000000000   1.00000000000000   0.00000000000000   0.00000000000000   0.00000000000000   0.00000000000000   0.24929287813612   0.00000000000000   0.00000000000000
3       0.00000000000000   0.00000000000000   0.00000000000000   1.00000000000000   0.00000000000000   0.00000000000000   0.00000000000000   0.00000000000000   0.24929287813612   0.00000000000000
4       0.00000000000000   0.00000000000000   0.00000000000000   0.00000000000000   1.00000000000000   0.08158302665252   0.34611146382357   0.00000000000000   0.00000000000000  -0.31049558440205
5       0.00005606211928   0.04865657333357   0.00000000000000   0.00000000000000   0.08158302665252   1.00000000000000   0.24322804496619   0.00000000000000   0.00000000000000  -0.00000000000000
6       0.04611459924116   0.41439750407373   0.00000000000000   0.00000000000000   0.34611146382357   0.24322804496619   1.00000000000000   0.00000000000000   0.00000000000000  -0.00000000000000
7       0.00000000000000   0.00000000000000   0.24929287813612   0.00000000000000   0.00000000000000   0.00000000000000   0.00000000000000   1.00000000000000   0.00000000000000   0.00000000000000
8       0.00000000000000   0.00000000000000   0.00000000000000   0.24929287813612   0.00000000000000   0.00000000000000   0.00000000000000   0.00000000000000   1.00000000000000   0.00000000000000
9      -0.07864781154124  -0.47982380155581   0.00000000000000   0.00000000000000  -0.31049558440205  -0.00000000000000  -0.00000000000000   0.00000000000000   0.00000000000000   1.00000000000000
