(0.57366,0) | (-0.618695,0)
(0.00749713,0) | (-0.00683419,0)
(-0.108526,0) | (0.111095,0)
(0.00194391,0) | (-0.00305479,0)
(0.0270588,0) | (-0.0382574,0)
(-0.00627204,0) | (0.0300327,0)
(0.00530966,0) | (-0.00139713,0)
(-0.0141711,0) | (0.0271222,0)
(0.00705198,0) | (0.0014501,0)
(-0.0194343,0) | (-0.0169115,0)
(-0.00146237,0) | (-0.0011504,0)
(-0.0456974,0) | (0.0201175,0)
(-0.060888,0) | (0.0153397,0)
(-0.0124175,0) | (-0.00472329,0)
(-0.0441692,0) | (0.0257708,0)
(-0.00358334,0) | (0.00709503,0)
(-0.0117339,0) | (0.0751741,0)
(0.00265356,0) | (0.053693,0)
(0.0219421,0) | (0.00535489,0)
(0.00082019,0) | (-0.0410334,0)
(0.0303889,0) | (0.0121865,0)
(-0.0150408,0) | (0.0033426,0)
(-0.00349845,0) | (0.000928998,0)
(-0.000429171,0) | (-0.00192829,0)
(0.00803709,0) | (0.00121486,0)
(0.019915,0) | (-0.00132993,0)
(0.0240742,0) | (0.000635061,0)
(-0.0317248,0) | (-0.00607724,0)
(0.00437655,0) | (0.00367265,0)
(0.0202307,0) | (-0.0180567,0)
(0.00947951,0) | (0.0011686,0)
(-0.00843918,0) | (0.0263861,0)
(-0.0235461,0) | (-0.00165365,0)
(0.0250014,0) | (-0.0263712,0)
(0.020192,0) | (-0.0187116,0)
(0.0109964,0) | (0.00202903,0)
(0.0100826,0) | (0.00369918,0)
(-0.0183185,0) | (0.0227211,0)
(0.00715168,0) | (-0.0154096,0)
(0.0185633,0) | (-0.00421827,0)
(0.0357689,0) | (-0.0326665,0)
(-0.0105657,0) | (0.0212683,0)
(-0.0133201,0) | (-0.0296933,0)
(-0.00148404,0) | (0.00436859,0)
(0.00852195,0) | (0.00941032,0)
(0.00182993,0) | (0.000109106,0)
(0.00657941,0) | (-0.0262963,0)
(-0.00684819,0) | (0.0039011,0)
(0.0297489,0) | (-0.0138356,0)
(0.0127793,0) | (0.0107748,0)
(0.0377399,0) | (-0.0107473,0)
(-0.0208727,0) | (-0.0198817,0)
(0.00196506,0) | (-0.000841455,0)
(0.00414377,0) | (-0.000195539,0)
(-0.00914787,0) | (-0.0115642,0)
(0.000502395,0) | (0.000379325,0)
(0.0202685,0) | (-0.0140304,0)
(0.0264427,0) | (-0.0181403,0)
(0.00712782,0) | (0.0270959,0)
(0.0556792,0) | (-0.0446074,0)
(-0.000495787,0) | (0.0157483,0)
(-0.00448911,0) | (-0.073535,0)
(-0.0122976,0) | (-0.00529978,0)
(0.0120295,0) | (-0.00990713,0)
(0.00018535,0) | (-0.00413792,0)
(0.0167951,0) | (-0.0420519,0)
(0.00313952,0) | (-0.00333707,0)
(0.0279077,0) | (-0.0437071,0)
(-0.0176159,0) | (-0.00465168,0)
(0.0506194,0) | (-0.0437542,0)
(0.0169492,0) | (-0.00545824,0)
(0.0374533,0) | (-0.0343308,0)
(-0.0139031,0) | (-0.0244831,0)
(-0.0322541,0) | (0.0182716,0)
(0.0330063,0) | (-0.0282098,0)
(0.0255697,0) | (-0.0287571,0)
(0.00120499,0) | (-0.000856783,0)
(-0.0907689,0) | (0.0920141,0)
(0.0051641,0) | (-0.0062459,0)
(0.0105419,0) | (-0.00101888,0)
(0.0690268,0) | (-0.0309293,0)
(-0.0364392,0) | (0.0114077,0)
(-0.0380196,0) | (0.00359049,0)
(-0.0100578,0) | (0.00296262,0)
(0.0310903,0) | (-0.0158694,0)
(0.00693858,0) | (0.00186557,0)
(-0.0237713,0) | (0.0346346,0)
(0.017566,0) | (-0.0302605,0)
(-0.00805186,0) | (0.0304404,0)
(0.0106476,0) | (-0.00109405,0)
(0.0155671,0) | (-0.00357994,0)
(-0.00166998,0) | (0.00254042,0)
(0.0646715,0) | (-0.0356188,0)
(0.00574287,0) | (0.000857851,0)
(-0.0307547,0) | (-0.00421685,0)
(-0.0243675,0) | (0.00239691,0)
(-0.0542273,0) | (0.0269328,0)
(0.0307907,0) | (-0.0220976,0)
(0.0106534,0) | (-0.0134283,0)
(-0.00568567,0) | (-0.02159,0)
(-0.0259589,0) | (0.039525,0)
(-0.0128168,0) | (0.0293323,0)
(0.00773428,0) | (0.00980195,0)
(-0.0140446,0) | (0.0191737,0)
(-0.0358308,0) | (0.0048393,0)
(0.00755179,0) | (-0.00460239,0)
(-0.0290536,0) | (0.0243274,0)
(0.056313,0) | (-0.0163345,0)
(-0.00851591,0) | (0.0106124,0)
(0.0349553,0) | (-0.0198438,0)
(0.0124847,0) | (-0.00172486,0)
(-0.0512105,0) | (0.00154148,0)
(-0.00612336,0) | (0.000757815,0)
(-0.00906665,0) | (-0.01042,0)
(0.0171405,0) | (-0.0369155,0)
(-0.039567,0) | (0.0393913,0)
(-0.0125356,0) | (0.00868868,0)
(-0.028676,0) | (0.0303321,0)
(0.0187895,0) | (-0.00571609,0)
(0.0107807,0) | (0.00140289,0)
(-0.0157838,0) | (0.00345556,0)
(0.0243703,0) | (-0.0804309,0)
(-0.00504985,0) | (-0.0463082,0)
(0.00996675,0) | (-0.0201171,0)
(0.00785233,0) | (0.0311303,0)
(0.031598,0) | (0.0126032,0)
(-0.0343232,0) | (0.0147383,0)
(0.0201776,0) | (0.00885834,0)
(-0.024787,0) | (0.0574082,0)
(0.0131723,0) | (0.0449832,0)
(0.0213278,0) | (-0.00771855,0)
(-0.0130542,0) | (0.0740489,0)
(-0.0186394,0) | (0.0428487,0)
(-0.052232,0) | (0.0140553,0)
(0.0238431,0) | (-0.013402,0)
(-0.0566858,0) | (0.00108203,0)
(-0.0181776,0) | (0.00999634,0)
(0.0436842,0) | (-0.0211908,0)
(-0.0172636,0) | (-0.0258907,0)
(-0.0296123,0) | (0.0218869,0)
(-0.003768,0) | (0.00375473,0)
(0.0437832,0) | (-0.0336549,0)
(-0.016746,0) | (-0.0148111,0)
(-0.00627404,0) | (0.00191737,0)
(-0.0034071,0) | (0.00180439,0)
(0.00541649,0) | (0.0157604,0)
(0.00632035,0) | (-0.000535401,0)
(-0.00374309,0) | (-0.0169599,0)
(0.00607091,0) | (-0.0186727,0)
(-0.0441382,0) | (0.0236606,0)
(0.018087,0) | (-0.0346497,0)
(-0.0048796,0) | (-0.0114667,0)
(-0.020595,0) | (0.0522558,0)
(0.00152463,0) | (-0.00809187,0)
(0.000950631,0) | (-0.00259545,0)
(0.0133337,0) | (-0.0200691,0)
(-0.0155839,0) | (-0.00336266,0)
(-0.0103614,0) | (0.00604995,0)
(0.0482246,0) | (-0.00668363,0)
(-0.0233398,0) | (0.0051637,0)
(-0.00040495,0) | (-0.000273145,0)
(0.00253689,0) | (-0.000125064,0)
(0.00432888,0) | (0.00161799,0)
(0.00378341,0) | (-0.000979202,0)
(0.0148103,0) | (-0.00683308,0)
(0.0499738,0) | (-0.00318114,0)
(-0.0154719,0) | (-0.0115234,0)
(-0.00568208,0) | (0.000174157,0)
(-0.0088102,0) | (0.00175044,0)
(-0.00222389,0) | (-0.0126622,0)
(0.0110554,0) | (-0.0117185,0)
(0.0130998,0) | (-0.0120593,0)
(0.00227993,0) | (-0.00253286,0)
(0.0325765,0) | (-0.0567717,0)
(0.0249117,0) | (-0.0216536,0)
(-0.0326068,0) | (0.0561835,0)
(-0.00552106,0) | (-0.00593907,0)
(0.00549331,0) | (0.0597911,0)
(0.000265049,0) | (0.0011546,0)
(-0.000425999,0) | (2.18887e-05,0)
(-0.0240746,0) | (0.0108313,0)
(-0.0387466,0) | (0.0371306,0)
(0.0024754,0) | (-0.0145694,0)
(-0.0113664,0) | (0.0164522,0)
(0.0177005,0) | (0.00570422,0)
(0.0488404,0) | (-0.00876045,0)
(-0.0147105,0) | (0.0231409,0)
(0.00680212,0) | (-0.0720841,0)
(-0.000217845,0) | (0.00331284,0)
(0.000352801,0) | (0.00278954,0)
(0.00144744,0) | (-1.38723e-06,0)
(0.000895083,0) | (-0.0230945,0)
(-0.0166745,0) | (0.0072592,0)
(-0.0335531,0) | (0.0428979,0)
(0.00660862,0) | (-0.00249366,0)
(-0.0585126,0) | (0.00691854,0)
(0.00749015,0) | (0.0610909,0)
(0.0153599,0) | (0.00654134,0)
(0.00676973,0) | (0.0170713,0)
(-0.0409119,0) | (0.0219135,0)
(-0.000305712,0) | (-0.0131737,0)
(-0.00479795,0) | (0.00687317,0)
(-0.0244184,0) | (-0.00597519,0)
(0.042811,0) | (-0.0176915,0)
(0.00872221,0) | (-0.00512444,0)
(0.0458891,0) | (-0.0156266,0)
(0.00256724,0) | (-0.0456269,0)
(0.0247751,0) | (0.024685,0)
(-0.00237224,0) | (0.00158397,0)
(-0.0081285,0) | (-0.0331846,0)
(-0.00566699,0) | (0.00694842,0)
(5.00724e-05,0) | (0,0)
(0.0012302,0) | (-0.00199609,0)
(0.001088,0) | (0.00262255,0)
(0.00561083,0) | (-0.004276,0)
(-0.00250468,0) | (0.00272932,0)
(0.00388939,0) | (-0.00410336,0)
(0.0229543,0) | (-0.0128785,0)
(0.00325795,0) | (-0.00331272,0)
(0.00421204,0) | (0.00158642,0)
(-0.000928797,0) | (0.00117981,0)
(-0.0196523,0) | (0.0153267,0)
(0.0128431,0) | (-0.0140385,0)
(-0.0445758,0) | (0.0192135,0)
(0,0) | (0,0)
(0,0) | (0,0)
(0,0) | (0,0)
(0,0) | (0,0)
(0,0) | (0,0)
(0,0) | (0,0)
(0,0) | (0,0)
(0,0) | (0,0)
(0,0) | (0,0)
(0,0) | (0,0)
(0,0) | (0,0)
(0,0) | (0,0)
(0,0) | (0,0)
(0,0) | (0,0)
(0,0) | (0,0)
(0,0) | (0,0)
(0,0) | (0,0)
(0,0) | (0,0)
(0,0) | (0,0)
(0,0) | (0,0)
(0,0) | (0,0)
(0,0) | (0,0)
(0,0) | (0,0)
(0,0) | (0,0)
(0,0) | (0,0)
(0,0) | (0,0)
(0,0) | (0,0)
(0,0) | (0,0)
(0.00610062,0) | (-0.00254654,0)
(-0.0249795,0) | (0.0173008,0)
(-0.00771906,0) | (0.00766795,0)
(0.0208177,0) | (-0.0047154,0)
(0.00147448,0) | (-0.00570774,0)
(-0.0146327,0) | (-0.00700734,0)
(0.00109382,0) | (-0.00160228,0)
(-0.0304461,0) | (0.0274542,0)
(-0.00167537,0) | (0.00085164,0)
(0.0475885,0) | (-0.00985224,0)
(-0.000277288,0) | (0.0210915,0)
(-0.0893931,0) | (-0.0106925,0)
(0,0) | (0,0)
(0,0) | (0,0)
(0,0) | (0,0)
(0,0) | (0,0)
(0,0) | (0,0)
(0,0) | (0,0)
(0,0) | (0,0)
(0,0) | (0,0)
(0,0) | (0,0)
(0,0) | (0,0)
(0,0) | (0,0)
(0,0) | (0,0)
(0,0) | (0,0)
(0,0) | (0,0)
(0,0) | (0,0)
(0,0) | (0,0)
(0,0) | (0,0)
(0,0) | (0,0)
(0,0) | (0,0)
(0,0) | (0,0)
(0,0) | (0,0)
(0,0) | (0,0)
(0,0) | (0,0)
(0,0) | (0,0)
(0,0) | (0,0)
(0,0) | (0,0)
(0,0) | (0,0)
(0,0) | (0,0)
(0.00803433,0) | (-0.00689975,0)
(-0.0075843,0) | (0.0455501,0)
(-0.0120415,0) | (0.0203244,0)
(-0.0111822,0) | (-0.021633,0)
(-0.00941661,0) | (0.0100702,0)
(-0.0280483,0) | (-0.0132746,0)
(-0.00733019,0) | (0.00281107,0)
(-0.0245799,0) | (0.052777,0)
(0.0854715,0) | (-0.0896791,0)
(-0.043488,0) | (0.0926687,0)
(-0.000547099,0) | (0.00977856,0)
(0.0131658,0) | (-0.00207441,0)
(0,0) | (0,0)
(0,0) | (0,0)
(0,0) | (0,0)
(0,0) | (0,0)
(0,0) | (0,0)
(0,0) | (0,0)
(0,0) | (0,0)
(0,0) | (0,0)
(0,0) | (0,0)
(0,0) | (0,0)
(0,0) | (0,0)
(0,0) | (0,0)
(0,0) | (0,0)
(0,0) | (0,0)
(0,0) | (0,0)
(0,0) | (0,0)
(0,0) | (0,0)
(0,0) | (0,0)
(0,0) | (0,0)
(0,0) | (0,0)
(0,0) | (0,0)
(0,0) | (0,0)
(0,0) | (0,0)
(0,0) | (0,0)
(0,0) | (0,0)
(0,0) | (0,0)
(0,0) | (0,0)
(0,0) | (0,0)
(0.00458736,0) | (-0.0127937,0)
(-0.00722321,0) | (0.0165125,0)
(0.0111434,0) | (-0.0166542,0)
(0.0237749,0) | (-0.0185436,0)
(0.0121899,0) | (-0.0153108,0)
(0.00973138,0) | (0.0230522,0)
(0.00149859,0) | (-0.00751116,0)
(0.00726291,0) | (-0.00436516,0)
(0.00460784,0) | (-0.00464776,0)
(-0.0320789,0) | (0.0473794,0)
(-0.0208532,0) | (-0.0068536,0)
(-0.000374845,0) | (0.000610361,0)
(0,0) | (0,0)
(0,0) | (0,0)
(0,0) | (0,0)
(0,0) | (0,0)
(0,0) | (0,0)
(0,0) | (0,0)
(0,0) | (0,0)
(0,0) | (0,0)
(0,0) | (0,0)
(0,0) | (0,0)
(0,0) | (0,0)
(0,0) | (0,0)
(0,0) | (0,0)
(0,0) | (0,0)
(0,0) | (0,0)
(0,0) | (0,0)
(0,0) | (0,0)
(0,0) | (0,0)
(0,0) | (0,0)
(0,0) | (0,0)
(0,0) | (0,0)
(0,0) | (0,0)
(0,0) | (0,0)
(0,0) | (0,0)
(0,0) | (0,0)
(0,0) | (0,0)
(0,0) | (0,0)
(0,0) | (0,0)
(-0.00427671,0) | (0.00605759,0)
(0.0146246,0) | (0.00983442,0)
(-0.00593309,0) | (0.00971313,0)
(-0.0174276,0) | (-0.0145113,0)
(0.000225575,0) | (-0.00182024,0)
(0.0613903,0) | (-0.0794511,0)
(0.00235135,0) | (-0.00536659,0)
(0.072829,0) | (-0.0692448,0)
(0.0090475,0) | (-0.00660133,0)
(-0.0292139,0) | (0.0940332,0)
(0.0995968,0) | (-0.112657,0)
(-0.288298,0) | (0.297,0)
(0,0) | (0,0)
(0,0) | (0,0)
(0,0) | (0,0)
(0,0) | (0,0)
(0,0) | (0,0)
(0,0) | (0,0)
(0,0) | (0,0)
(0,0) | (0,0)
(0,0) | (0,0)
(0,0) | (0,0)
(0,0) | (0,0)
(0,0) | (0,0)
(0,0) | (0,0)
(0,0) | (0,0)
(0,0) | (0,0)
(0,0) | (0,0)
(0,0) | (0,0)
(0,0) | (0,0)
(0,0) | (0,0)
(0,0) | (0,0)
(0,0) | (0,0)
(0,0) | (0,0)
(0,0) | (0,0)
(0,0) | (0,0)
(0,0) | (0,0)
(0,0) | (0,0)
(0,0) | (0,0)
(0,0) | (0,0)
(-0.0015377,0) | (0.000272621,0)
(-0.00157562,0) | (-0.000619991,0)
(0.00231658,0) | (-0.00197867,0)
(0.00777315,0) | (-0.00330634,0)
(-0.00156512,0) | (0.000575348,0)
(-0.0119798,0) | (0.0177827,0)
(-0.00516045,0) | (0.00400992,0)
(-0.00750091,0) | (0.00848918,0)
(0.00105637,0) | (0.00248086,0)
(-0.0106993,0) | (-0.0106626,0)
(-0.01892,0) | (0.0196198,0)
(0.0523192,0) | (-0.0551537,0)
(0,0) | (0,0)
(0,0) | (0,0)
(0,0) | (0,0)
(0,0) | (0,0)
(0,0) | (0,0)
(0,0) | (0,0)
(0,0) | (0,0)
(0,0) | (0,0)
(0,0) | (0,0)
(0,0) | (0,0)
(0,0) | (0,0)
(0,0) | (0,0)
(0,0) | (0,0)
(0,0) | (0,0)
(0,0) | (0,0)
(0,0) | (0,0)
(0,0) | (0,0)
(0,0) | (0,0)
(0,0) | (0,0)
(0,0) | (0,0)
(0,0) | (0,0)
(0,0) | (0,0)
(0,0) | (0,0)
(0,0) | (0,0)
(0,0) | (0,0)
(0,0) | (0,0)
(0,0) | (0,0)
(0,0) | (0,0)
(0.00110898,0) | (0.00092326,0)
(0.0348653,0) | (-0.048377,0)
(-0.00606796,0) | (0.00428124,0)
(-0.0246052,0) | (0.0400918,0)
(-0.00428865,0) | (0.00210748,0)
(-0.00641467,0) | (-0.00685711,0)
(0.000507062,0) | (-0.000962704,0)
(-0.0503177,0) | (0.0174276,0)
(-0.00613894,0) | (0.00381653,0)
(0.0534658,0) | (-0.0042749,0)
(-0.0111374,0) | (-0.0149036,0)
(0.109095,0) | (0.00606684,0)
(0,0) | (0,0)
(0,0) | (0,0)
(0,0) | (0,0)
(0,0) | (0,0)
(0,0) | (0,0)
(0,0) | (0,0)
(0,0) | (0,0)
(0,0) | (0,0)
(0,0) | (0,0)
(0,0) | (0,0)
(0,0) | (0,0)
(0,0) | (0,0)
(0,0) | (0,0)
(0,0) | (0,0)
(0,0) | (0,0)
(0,0) | (0,0)
(0,0) | (0,0)
(0,0) | (0,0)
(0,0) | (0,0)
(0,0) | (0,0)
(0,0) | (0,0)
(0,0) | (0,0)
(0,0) | (0,0)
(0,0) | (0,0)
(0,0) | (0,0)
(0,0) | (0,0)
(0,0) | (0,0)
(0,0) | (0,0)
(0.0157494,0) | (-0.0152017,0)
(-0.0192163,0) | (0.0306085,0)
(-0.006722,0) | (0.0110748,0)
(-0.015696,0) | (0.000595388,0)
(0.00932734,0) | (-0.0116958,0)
(-0.0459449,0) | (0.0617492,0)
(-0.00750568,0) | (0.00109053,0)
(-0.0175754,0) | (0.0105659,0)
(0.00391774,0) | (-0.00493876,0)
(0.086117,0) | (-0.0760748,0)
(-0.0430337,0) | (0.00931118,0)
(-0.0743723,0) | (0.0105489,0)
(0,0) | (0,0)
(0,0) | (0,0)
(0,0) | (0,0)
(0,0) | (0,0)
(0,0) | (0,0)
(0,0) | (0,0)
(0,0) | (0,0)
(0,0) | (0,0)
(0,0) | (0,0)
(0,0) | (0,0)
(0,0) | (0,0)
(0,0) | (0,0)
(0,0) | (0,0)
(0,0) | (0,0)
(0,0) | (0,0)
(0,0) | (0,0)
(0,0) | (0,0)
(0,0) | (0,0)
(0,0) | (0,0)
(0,0) | (0,0)
(0,0) | (0,0)
(0,0) | (0,0)
(0,0) | (0,0)
(0,0) | (0,0)
(0,0) | (0,0)
(0,0) | (0,0)
(0,0) | (0,0)
(0,0) | (0,0)
(0.016142,0) | (-0.014474,0)
(0.0101228,0) | (0.00824987,0)
(-0.011957,0) | (0.0144933,0)
(-0.0607315,0) | (0.00774739,0)
(-0.00974284,0) | (0.0140929,0)
(-0.00714033,0) | (0.031075,0)
(0.00639798,0) | (-0.00803473,0)
(0.00352175,0) | (0.0272409,0)
(-0.0161944,0) | (0.0144722,0)
(0.143158,0) | (-0.130301,0)
(-0.0104153,0) | (0.032276,0)
(0.0427948,0) | (-0.0049813,0)
(0,0) | (0,0)
(0,0) | (0,0)
(0,0) | (0,0)
(0,0) | (0,0)
(0,0) | (0,0)
(0,0) | (0,0)
(0,0) | (0,0)
(0,0) | (0,0)
(0,0) | (0,0)
(0,0) | (0,0)
(0,0) | (0,0)
(0,0) | (0,0)
(0,0) | (0,0)
(0,0) | (0,0)
(0,0) | (0,0)
(0,0) | (0,0)
(0,0) | (0,0)
(0,0) | (0,0)
(0,0) | (0,0)
(0,0) | (0,0)
(0,0) | (0,0)
(0,0) | (0,0)
(0,0) | (0,0)
(0,0) | (0,0)
(0,0) | (0,0)
(0,0) | (0,0)
(0,0) | (0,0)
(0,0) | (0,0)
(0.00638686,0) | (-0.00763015,0)
(0.000392274,0) | (0.00487591,0)
(0.00589661,0) | (-0.0053925,0)
(-0.0197439,0) | (0.0358183,0)
(0.00335534,0) | (-0.00396773,0)
(0.0731963,0) | (-0.0633377,0)
(0.00717073,0) | (-0.00535808,0)
(-0.0234157,0) | (0.021799,0)
(0.00752609,0) | (-0.00362489,0)
(-0.053098,0) | (0.0616931,0)
(0.0789496,0) | (-0.0815435,0)
(-0.246058,0) | (0.127961,0)
(0,0) | (0,0)
(0,0) | (0,0)
(0,0) | (0,0)
(0,0) | (0,0)
(0,0) | (0,0)
(0,0) | (0,0)
(0,0) | (0,0)
(0,0) | (0,0)
(0,0) | (0,0)
(0,0) | (0,0)
(0,0) | (0,0)
(0,0) | (0,0)
(0,0) | (0,0)
(0,0) | (0,0)
(0,0) | (0,0)
(0,0) | (0,0)
(0,0) | (0,0)
(0,0) | (0,0)
(0,0) | (0,0)
(0,0) | (0,0)
(0,0) | (0,0)
(0,0) | (0,0)
(0,0) | (0,0)
(0,0) | (0,0)
(0,0) | (0,0)
(0,0) | (0,0)
(0,0) | (0,0)
(0,0) | (0,0)
(0.00108318,0) | (-0.00276516,0)
(0.00114962,0) | (-0.000652317,0)
(-0.00268294,0) | (0.00329031,0)
(-0.004867,0) | (-0.00017448,0)
(0.00142595,0) | (-0.000451877,0)
(0.0137982,0) | (-0.013108,0)
(0.000373977,0) | (0.0012655,0)
(-0.00340391,0) | (0.0020845,0)
(0.00228935,0) | (-0.00249263,0)
(-0.000277461,0) | (0.0125223,0)
(0.0234856,0) | (-0.0212286,0)
(-0.0266714,0) | (0.0166286,0)
(0,0) | (0,0)
(0,0) | (0,0)
(0,0) | (0,0)
(0,0) | (0,0)
(0,0) | (0,0)
(0,0) | (0,0)
(0,0) | (0,0)
(0,0) | (0,0)
(0,0) | (0,0)
(0,0) | (0,0)
(0,0) | (0,0)
(0,0) | (0,0)
(0,0) | (0,0)
(0,0) | (0,0)
(0,0) | (0,0)
(0,0) | (0,0)
(0,0) | (0,0)
(0,0) | (0,0)
(0,0) | (0,0)
(0,0) | (0,0)
(0,0) | (0,0)
(0,0) | (0,0)
(0,0) | (0,0)
(0,0) | (0,0)
(0,0) | (0,0)
(0,0) | (0,0)
(0,0) | (0,0)
(0,0) | (0,0)
(0.00296881,0) | (-0.00205235,0)
(-0.0483453,0) | (0.0578776,0)
(0.00622014,0) | (-0.00483045,0)
(-0.0258863,0) | (0.00925324,0)
(0.000543178,0) | (0.0020277,0)
(0.0701542,0) | (-0.0682068,0)
(0.000456965,0) | (-0.00268639,0)
(0.0339246,0) | (-0.0136843,0)
(0.000490443,0) | (-0.000252768,0)
(-0.0510645,0) | (-0.000571664,0)
(-0.0250971,0) | (0.00536807,0)
(0.0123711,0) | (0.0413201,0)
(0,0) | (0,0)
(0,0) | (0,0)
(0,0) | (0,0)
(0,0) | (0,0)
(0,0) | (0,0)
(0,0) | (0,0)
(0,0) | (0,0)
(0,0) | (0,0)
(0,0) | (0,0)
(0,0) | (0,0)
(0,0) | (0,0)
(0,0) | (0,0)
(0,0) | (0,0)
(0,0) | (0,0)
(0,0) | (0,0)
(0,0) | (0,0)
(0,0) | (0,0)
(0,0) | (0,0)
(0,0) | (0,0)
(0,0) | (0,0)
(0,0) | (0,0)
(0,0) | (0,0)
(0,0) | (0,0)
(0,0) | (0,0)
(0,0) | (0,0)
(0,0) | (0,0)
(0,0) | (0,0)
(0,0) | (0,0)
(-0.00624815,0) | (0.00295786,0)
(-0.016645,0) | (0.0232209,0)
(-0.00458415,0) | (-0.00482657,0)
(0.00953694,0) | (0.082494,0)
(0.00627263,0) | (-0.00507321,0)
(0.0369902,0) | (-0.074864,0)
(0.0198126,0) | (-0.0167873,0)
(0.015673,0) | (-0.017748,0)
(-0.0100306,0) | (0.0133948,0)
(-0.175804,0) | (0.198759,0)
(-0.0420814,0) | (0.00212343,0)
(-0.00948444,0) | (0.133585,0)
(0,0) | (0,0)
(0,0) | (0,0)
(0,0) | (0,0)
(0,0) | (0,0)
(0,0) | (0,0)
(0,0) | (0,0)
(0,0) | (0,0)
(0,0) | (0,0)
(0,0) | (0,0)
(0,0) | (0,0)
(0,0) | (0,0)
(0,0) | (0,0)
(0,0) | (0,0)
(0,0) | (0,0)
(0,0) | (0,0)
(0,0) | (0,0)
(0,0) | (0,0)
(0,0) | (0,0)
(0,0) | (0,0)
(0,0) | (0,0)
(0,0) | (0,0)
(0,0) | (0,0)
(0,0) | (0,0)
(0,0) | (0,0)
(0,0) | (0,0)
(0,0) | (0,0)
(0,0) | (0,0)
(0,0) | (0,0)
(0.00543624,0) | (-0.0135522,0)
(-0.00144598,0) | (0.0169335,0)
(0.0157537,0) | (0.000914896,0)
(-0.0474238,0) | (0.0239762,0)
(0.0206003,0) | (-0.0162449,0)
(0.0288745,0) | (-0.041355,0)
(0.00484648,0) | (-0.0124616,0)
(-0.0344932,0) | (0.0477919,0)
(0.0299413,0) | (-0.0417441,0)
(0.00733686,0) | (0.0360035,0)
(-0.0405146,0) | (-0.00637808,0)
(0.0419837,0) | (-0.0273045,0)
(0,0) | (0,0)
(0,0) | (0,0)
(0,0) | (0,0)
(0,0) | (0,0)
(0,0) | (0,0)
(0,0) | (0,0)
(0,0) | (0,0)
(0,0) | (0,0)
(0,0) | (0,0)
(0,0) | (0,0)
(0,0) | (0,0)
(0,0) | (0,0)
(0,0) | (0,0)
(0,0) | (0,0)
(0,0) | (0,0)
(0,0) | (0,0)
(0,0) | (0,0)
(0,0) | (0,0)
(0,0) | (0,0)
(0,0) | (0,0)
(0,0) | (0,0)
(0,0) | (0,0)
(0,0) | (0,0)
(0,0) | (0,0)
(0,0) | (0,0)
(0,0) | (0,0)
(0,0) | (0,0)
(0,0) | (0,0)
(-0.00665138,0) | (0.00700385,0)
(-0.0100644,0) | (0.00522982,0)
(0.00393785,0) | (-0.00488413,0)
(-0.0141074,0) | (0.0138642,0)
(0.00708653,0) | (-0.00590888,0)
(-0.00367256,0) | (0.00439269,0)
(-0.00259719,0) | (0.00464341,0)
(-0.0364427,0) | (0.0142346,0)
(-0.00340652,0) | (0.00178202,0)
(-0.0210023,0) | (0.0496946,0)
(0.0364093,0) | (-0.00334489,0)
(-0.242548,0) | (0.109593,0)
(0,0) | (0,0)
(0,0) | (0,0)
(0,0) | (0,0)
(0,0) | (0,0)
(0,0) | (0,0)
(0,0) | (0,0)
(0,0) | (0,0)
(0,0) | (0,0)
(0,0) | (0,0)
(0,0) | (0,0)
(0,0) | (0,0)
(0,0) | (0,0)
(0,0) | (0,0)
(0,0) | (0,0)
(0,0) | (0,0)
(0,0) | (0,0)
(0,0) | (0,0)
(0,0) | (0,0)
(0,0) | (0,0)
(0,0) | (0,0)
(0,0) | (0,0)
(0,0) | (0,0)
(0,0) | (0,0)
(0,0) | (0,0)
(0,0) | (0,0)
(0,0) | (0,0)
(0,0) | (0,0)
(0,0) | (0,0)
(0.00218679,0) | (-0.00240088,0)
(0.00824061,0) | (-0.00762766,0)
(-0.00304521,0) | (0.00478343,0)
(-0.00565502,0) | (-0.00129051,0)
(-0.00317728,0) | (0.00324227,0)
(-0.00540168,0) | (0.00543105,0)
(-0.000160362,0) | (-0.00120656,0)
(0.00162852,0) | (0.00318909,0)
(-0.00295037,0) | (0.000757671,0)
(0.0356452,0) | (-0.0331328,0)
(-0.00285723,0) | (0.00233398,0)
(0.0539222,0) | (-0.0287575,0)
(0,0) | (0,0)
(0,0) | (0,0)
(0,0) | (0,0)
(0,0) | (0,0)
(0,0) | (0,0)
(0,0) | (0,0)
(0,0) | (0,0)
(0,0) | (0,0)
(0,0) | (0,0)
(0,0) | (0,0)
(0,0) | (0,0)
(0,0) | (0,0)
(0,0) | (0,0)
(0,0) | (0,0)
(0,0) | (0,0)
(0,0) | (0,0)
(0,0) | (0,0)
(0,0) | (0,0)
(0,0) | (0,0)
(0,0) | (0,0)
(0,0) | (0,0)
(0,0) | (0,0)
(0,0) | (0,0)
(0,0) | (0,0)
(0,0) | (0,0)
(0,0) | (0,0)
(0,0) | (0,0)
(0,0) | (0,0)
(-0.00237915,0) | (-0.000246495,0)
(0.0382068,0) | (-0.0185931,0)
(0.00633276,0) | (-0.00425475,0)
(0.0210806,0) | (-0.0405932,0)
(-0.00515006,0) | (0.006648,0)
(-0.0506502,0) | (0.0820635,0)
(-0.0035863,0) | (0.00366413,0)
(0.0432416,0) | (-0.0217215,0)
(0.00030564,0) | (-0.0110802,0)
(-0.0365418,0) | (0.013725,0)
(0.0351404,0) | (-0.0116742,0)
(-0.0265153,0) | (-0.0333153,0)
(0,0) | (0,0)
(0,0) | (0,0)
(0,0) | (0,0)
(0,0) | (0,0)
(0,0) | (0,0)
(0,0) | (0,0)
(0,0) | (0,0)
(0,0) | (0,0)
(0,0) | (0,0)
(0,0) | (0,0)
(0,0) | (0,0)
(0,0) | (0,0)
(0,0) | (0,0)
(0,0) | (0,0)
(0,0) | (0,0)
(0,0) | (0,0)
(0,0) | (0,0)
(0,0) | (0,0)
(0,0) | (0,0)
(0,0) | (0,0)
(0,0) | (0,0)
(0,0) | (0,0)
(0,0) | (0,0)
(0,0) | (0,0)
(0,0) | (0,0)
(0,0) | (0,0)
(0,0) | (0,0)
(0,0) | (0,0)
(-0.00746656,0) | (0.00573507,0)
(0.0479657,0) | (-0.0743465,0)
(0.0354366,0) | (-0.032268,0)
(-0.0398774,0) | (-0.0405072,0)
(0.0176625,0) | (-0.0102603,0)
(0.0448329,0) | (0.0563496,0)
(0.00857735,0) | (-0.00847449,0)
(0.0135455,0) | (0.0127344,0)
(-0.0708114,0) | (0.0572357,0)
(0.194257,0) | (-0.209992,0)
(-0.0386671,0) | (0.0315655,0)
(0.116355,0) | (-0.155719,0)
(0,0) | (0,0)
(0,0) | (0,0)
(0,0) | (0,0)
(0,0) | (0,0)
(0,0) | (0,0)
(0,0) | (0,0)
(0,0) | (0,0)
(0,0) | (0,0)
(0,0) | (0,0)
(0,0) | (0,0)
(0,0) | (0,0)
(0,0) | (0,0)
(0,0) | (0,0)
(0,0) | (0,0)
(0,0) | (0,0)
(0,0) | (0,0)
(0,0) | (0,0)
(0,0) | (0,0)
(0,0) | (0,0)
(0,0) | (0,0)
(0,0) | (0,0)
(0,0) | (0,0)
(0,0) | (0,0)
(0,0) | (0,0)
(0,0) | (0,0)
(0,0) | (0,0)
(0,0) | (0,0)
(0,0) | (0,0)
(-0.00681093,0) | (0.0105053,0)
(0.000857914,0) | (-0.00033653,0)
(0.00645407,0) | (-0.00881907,0)
(0.00968133,0) | (0.0162679,0)
(0.00296355,0) | (-0.00131593,0)
(-0.021234,0) | (0.0309982,0)
(-0.00166712,0) | (0.000474229,0)
(0.0116877,0) | (0.00433605,0)
(0.00911078,0) | (-0.0101969,0)
(-0.0366375,0) | (0.0451941,0)
(-0.0412154,0) | (0.0382325,0)
(0.0110233,0) | (-0.000302841,0)
(0,0) | (0,0)
(0,0) | (0,0)
(0,0) | (0,0)
(0,0) | (0,0)
(0,0) | (0,0)
(0,0) | (0,0)
(0,0) | (0,0)
(0,0) | (0,0)
(0,0) | (0,0)
(0,0) | (0,0)
(0,0) | (0,0)
(0,0) | (0,0)
(0,0) | (0,0)
(0,0) | (0,0)
(0,0) | (0,0)
(0,0) | (0,0)
(0,0) | (0,0)
(0,0) | (0,0)
(0,0) | (0,0)
(0,0) | (0,0)
(0,0) | (0,0)
(0,0) | (0,0)
(0,0) | (0,0)
(0,0) | (0,0)
(0,0) | (0,0)
(0,0) | (0,0)
(0,0) | (0,0)
(0,0) | (0,0)
(0.000438897,0) | (-0.00512071,0)
(-0.00177854,0) | (0.00457654,0)
(-0.00472147,0) | (0.00788877,0)
(-0.00223797,0) | (-0.0126387,0)
(0.00421427,0) | (-0.0084078,0)
(0.081848,0) | (-0.0662736,0)
(0.00019731,0) | (0.00480897,0)
(0.0414614,0) | (-0.0273535,0)
(-0.0136693,0) | (0.0120068,0)
(-0.101705,0) | (0.122668,0)
(0.0935997,0) | (-0.0913314,0)
(-0.159096,0) | (0.116393,0)
(0,0) | (0,0)
(0,0) | (0,0)
(0,0) | (0,0)
(0,0) | (0,0)
(0,0) | (0,0)
(0,0) | (0,0)
(0,0) | (0,0)
(0,0) | (0,0)
(0,0) | (0,0)
(0,0) | (0,0)
(0,0) | (0,0)
(0,0) | (0,0)
(0,0) | (0,0)
(0,0) | (0,0)
(0,0) | (0,0)
(0,0) | (0,0)
(0,0) | (0,0)
(0,0) | (0,0)
(0,0) | (0,0)
(0,0) | (0,0)
(0,0) | (0,0)
(0,0) | (0,0)
(0,0) | (0,0)
(0,0) | (0,0)
(0,0) | (0,0)
(0,0) | (0,0)
(0,0) | (0,0)
(0,0) | (0,0)
