0
0
0
0
0
0
0
-0.00396807
-0.00162368
-0.000183285
0.000529796
0.000803947
0.00959559
0.0125043
0.011743
0.0097
0.00750391
0.0055871
0.0266602
0.0217076
0.0148361
0.00970284
0.00626807
0.00404291
0
0
0
0
0
0
0
0
0
0
0
0
0
0
0
0
0
0
0
0
0
0
0
0
0
0
0
0
0
0
0
0
0
0
0
0
0
0
0
0
0
0
0
0
0
0
0
0
0
0
0
0
0
0
0
0
0
0
0
0
0
0
0
0
0
0
0
0
0
0
0
0
0
0
-0.00227513
-0.00197137
-0.000366093
0.000710866
0.00120411
0.0128757
0.00225359
0.000741103
0.000845115
0.0010388
0.00216222
0.000776494
0.000928237
0.00113162
0.0124247
0.00376755
0.00176897
0.00127347
0.0106502
0.00389957
0.00195968
0.00349181
0.00169314
0.00128876
0.0103637
0.0037549
0.00189084
0.00837103
0.00336037
0.00636661
0.0034609
0.00178452
0.00803509
0.00318545
0.00626761
0.0029407
0.00597729
0.0108914
0.00651012
0.0048522
0.00388887
0.00314454
0.0314011
0.016592
0.0101357
0.00673974
0.0047015
0.0108962
0.00672779
0.00466605
0.00342014
0.0220274
0.0122894
0.00761709
0.00502927
0.0150953
0.0086983
0.00544413
0.00798808
0.00500549
0.00342079
0.0142006
0.00815819
0.0051152
0.00964148
0.00566776
0.00613845
0.00542536
0.00343381
0.00898072
0.00526518
0.00606521
0.00359286
0.00567365
0
-0.0222892
0.000609636
0.0222892
-0.000567391
-0.0224057
0.000584659
0.0224057
-0.000661215
-0.0176234
0.000415155
0.0176235
-0.000775412
-0.000673295
4.30079e-05
0.000673296
-9.30587e-05
-0.000184792
6.11524e-05
0.000184793
3.32239e-05
-0.00497012
0.000328838
0.00497013
-0.000153057
-0.0135579
0.000640621
0.0135579
-0.000420226
-0.000917534
0.000402497
0.000917534
-0.000311996
0.0288364
-0.000184154
-0.0288365
-7.01691e-05
5.26746e-05
3.04507e-05
-5.26743e-05
-7.69394e-05
0.00135628
0.000124593
-0.00135628
4.12291e-05
0.00512128
0.000139221
-0.00512129
0.000314567
0.0225604
0.00141011
0.0225604
0.000813574
0.0224208
0.00157326
0.0224207
0.000910051
0.0172785
0.00167351
0.0172785
0.000978252
-0.000977213
0.000197514
-0.000977212
0.000133972
-0.00106909
-0.000103532
-0.00106908
6.80738e-05
0.00617694
0.000342425
0.00617693
0.000181261
0.014235
0.000888495
0.014235
0.00051974
0.00115971
0.000410206
0.00115971
0.000251698
-0.0293056
-0.000646549
-0.0293056
-0.000326565
-0.000958028
0.000205086
-0.000958026
0.000125988
-0.00138051
-0.000158531
-0.0013805
5.99659e-05
-0.00275967
-0.00072135
-0.00275967
-0.000392955
