    51.98    51.98    51.98
   105.90   105.90   105.90
   159.29   159.29   159.29
   212.40   212.40   212.40
   265.76   265.76   265.76
   319.26   319.26   319.26
   372.58   372.58   372.58
   425.98   425.98   425.98
   479.44   479.44   479.44
   533.10   533.10   533.10
   586.57   586.57   586.57
   640.22   640.22   640.22
   693.86   693.86   693.86
   747.51   747.51   747.51
   801.19   801.19   801.19
   953.60  1015.39  1100.90
  1261.20  1335.27  1420.31
  1581.26  1669.47  1754.38
  1962.87  2062.71  2147.71
  2364.98  2494.49  2579.90
  2772.75  2874.64  2960.07
  3146.77  3252.43  3337.74
  3546.95  3646.62  3731.80
  3918.74  4025.29  4110.42
  4374.49  4741.34  4826.87
  5093.23  5164.79  5249.85
  5437.47  5520.44  5605.76
  5886.55  6033.30  6118.62
  6383.34  6433.89  6519.12
  6771.36  6927.44  7012.53
  7390.72  7585.72  7670.89
  8017.50  8163.56  8248.85
  8594.82  8732.09  8817.45
  9194.98  9378.22  9463.53
  9811.54  9959.13 10044.80
 10391.39 10538.97 10624.33
 10970.78 11297.66 11383.11
 11760.60 11923.35 12008.84
 12332.21 12559.80 12645.24
 13060.66 13203.76 13289.29
 13703.25 13871.36 13957.09
 14482.46 14651.17 14737.06
 15261.96 15477.37 15563.42
 16027.00 16228.81 16315.05
 16838.24 17038.15 17123.75
 17587.87 17763.05 17848.60
 18374.98 18574.54 18660.39
 19184.11 19505.98 19591.64
 20116.62 20331.75 20417.50
 20739.39 20875.00 20960.31
 21424.42 21707.24 21792.43
 22255.05 22417.77 22503.46
 22919.87 23352.54 23438.02
 23963.13 24147.28 24232.67
 24757.43 25080.92 25166.48
 25692.84 26044.99 26130.29
 26657.25 26917.14 27002.79
 27417.90 27609.29 27694.95
 28220.50 28498.29 28583.79
 29192.12 29512.43 29598.21
 30014.38 30230.75 30316.25
 30780.79 31034.62 31120.09
 31584.31 31732.38 31817.84
 32234.64 32484.57 32570.31
 32947.97 33164.58 33250.01
 33775.50 34033.66 34119.17
 34726.19 35221.02 35306.55
 35914.75 36233.94 36319.52
 36846.25 37136.33 37221.85
 37747.48 37869.20 37954.73
 38480.22 38709.92 38795.40
 39260.87 39499.46 39585.32
 40109.19 40308.56 40394.17
 40920.20 41194.20 41279.71
 41744.18 41890.84 41976.28
 42440.37 42709.37 42795.36
 43404.44 43581.88 43667.54
 44192.83 44375.73 44461.27
 44989.20 45232.23 45317.81
 45924.29 46347.79 46433.46
 46754.85 46907.36 46992.61
 47518.72 47779.12 47864.89
 48391.32 48651.13 48736.91
 49343.11 49539.02 49624.78
 50089.74 50262.77 50348.66
 50872.98 51011.30 51096.86
 51562.06 51899.89 51985.31
 52592.44 52947.98 53033.67
 53558.69 53666.17 53751.70
 54356.79 54497.94 54583.82
 55189.85 55580.90 55666.33
 56193.65 56545.21 56630.77
 57095.20 57284.21 57369.57
 57834.25 58117.29 58202.70
 58809.64 58933.34 59019.00
 59483.81 59604.05 59689.99
 60213.31 60489.57 60575.43
 61039.35 61255.20 61341.29
 61803.28 61937.40 62023.10
 62546.89 62807.95 62893.17
 63241.79 63389.40 63474.81
 64082.07 64313.50 64399.05
 64698.48 64840.64 64926.21
 65344.29 65571.17 65656.54
 66265.56 66441.88 66527.34
 67053.21 67328.23 67413.58
 67938.88 68275.65 68361.52
 68826.88 69041.82 69127.57
 69654.60 69775.45 69860.73
 70325.47 70538.91 70624.11
 71231.84 71588.25 71673.61
 72200.41 72338.73 72425.18
 72725.16 72774.49 72859.95
 73323.79 73498.26 73583.40
 73961.85 74091.91 74177.21
 74783.06 75064.91 75150.21
 75677.14 75905.71 75990.90
 76369.67 76574.39 76659.48
 77073.83 77263.77 77349.08
 77875.65 78073.28 78158.41
 78767.75 79102.31 79187.48
 79793.74 79951.93 80037.26
 80645.59 80982.83 81068.19
 81594.33 81746.51 81831.82
 82295.70 82575.36 82660.59
 83078.96 83209.90 83295.89
 83822.59 84006.03 84092.04
 84509.33 84641.23 84726.92
 85253.97 85528.69 85614.19
 86033.16 86283.46 86368.78
