jastrowslater
ghf
maxIter 50
stochasticIter 1500000
complex
seed 1
#restart

realspacesto
nalpha 5
nbeta 5
norbs 10

lm
nondirect
hdiagshift 0.1
decay 0.65
stepsizes 0.1 0.01 0.05 0.5 1.0
corrsamplefrac 0.35

#printVars
#printOpt

Number of Jastrow vars: 92
Number of Reference vars: 401
    0  -126.69889987 (2.74e-03)    18.61730243      2.9      0.6    1500000  2031.88  2032.54  2422.18
    1  -128.62933749 (2.67e-03)     0.41096048      1.8      0.6    1500000  4446.58  4447.27  4831.75
    2  -128.76711890 (1.73e-03)     0.32948519      1.8      0.6    1500000  6860.87  6861.56  7246.16
    3  -128.79193180 (1.53e-03)     0.52165926      1.7      0.6    1500000  9271.54  9272.23  9656.83
    4  -128.80936423 (1.70e-03)     0.62519838      1.8      0.6    1500000 11679.78 11680.48 12063.53
    5  -128.83415717 (1.34e-03)     0.30169448      1.5      0.6    1500000 14089.36 14090.07 14474.51
    6  -128.84737688 (1.47e-03)     0.27554431      1.5      0.6    1500000 16492.09 16492.82 16877.51
    7  -128.85691440 (1.25e-03)     0.31338617      1.5      0.6    1500000 18902.30 18903.05 19286.86
    8  -128.86188226 (1.14e-03)     0.21374103      1.4      0.6    1500000 21308.03 21308.78 21692.31
    9  -128.86940799 (1.10e-03)     0.15581514      1.4      0.6    1500000 23716.67 23717.43 24101.28
   10  -128.87616362 (1.13e-03)     0.36884445      1.5      0.6    1500000 26120.99 26121.75 26505.97
   11  -128.88325987 (9.50e-04)     0.09199006      1.3      0.6    1500000 28526.09 28526.84 28910.96
   12  -128.88763143 (1.03e-03)     0.19255018      1.5      0.6    1500000 30931.21 30931.96 31316.28
   13  -128.89284428 (9.65e-04)     0.06731076      1.4      0.6    1500000 33340.90 33341.66 33725.85
   14  -128.89896288 (8.97e-04)     0.11210547      1.4      0.6    1500000 35747.53 35748.27 36132.62
   15  -128.90014261 (8.36e-04)     0.15502300      1.3      0.6    1500000 38158.13 38158.86 38542.76
   16  -128.90267077 (7.39e-04)     0.03789193      1.3      0.6    1500000 40564.52 40565.25 40949.11
   17  -128.90377433 (8.87e-04)     0.04590936      1.3      0.6    1500000 42974.33 42975.06 43360.28
   18  -128.90739713 (7.27e-04)     0.05215328      1.3      0.6    1500000 45383.52 45384.26 45769.53
   19  -128.90775921 (7.57e-04)     0.03109121      1.2      0.6    1500000 47795.65 47796.40 48181.40
   20  -128.90712654 (8.29e-04)     0.03034176      1.2      0.6    1500000 50204.66 50205.40 50590.16
   21  -128.90646108 (7.67e-04)     0.02568035      1.3      0.6    1500000 52615.44 52616.16 53000.60
   22  -128.90725614 (9.78e-04)     0.01469271      1.2      0.6    1500000 55020.17 55020.89 55405.21
   23  -128.90783844 (6.52e-04)     0.01475553      1.2      0.6    1500000 57430.01 57430.73 57815.39
   24  -128.90753685 (7.65e-04)     0.01986846      1.2      0.6    1500000 59841.68 59842.41 60226.83
   25  -128.90970912 (8.72e-04)     0.02228940      1.2      0.6    1500000 62251.14 62251.87 62636.85
   26  -128.90910380 (6.63e-04)     0.03370135      1.3      0.6    1500000 64662.24 64662.98 65047.66
   27  -128.90848734 (7.37e-04)     0.02507138      1.2      0.6    1500000 67072.57 67073.28 67458.13
   28  -128.90969148 (6.61e-04)     0.03162349      1.2      0.6    1500000 69478.28 69479.00 69863.73
   29  -128.90989258 (6.69e-04)     0.01854959      1.2      0.6    1500000 71887.43 71888.15 72272.65
   30  -128.90999623 (7.04e-04)     0.02396477      1.3      0.6    1500000 74294.83 74295.58 74680.44
   31  -128.90873558 (5.77e-04)     0.03109091      1.2      0.6    1500000 76705.21 76705.93 77090.53
   32  -128.90741546 (5.93e-04)     0.01968448      1.2      0.6    1500000 79115.62 79116.35 79501.06
   33  -128.90734980 (8.16e-04)     0.02093910      1.2      0.6    1500000 81524.29 81525.00 81909.23
   34  -128.90897823 (6.71e-04)     0.01777602      1.2      0.6    1500000 83929.39 83930.12 84314.49
   35  -128.90792377 (6.66e-04)     0.02219564      1.2      0.6    1500000 86338.55 86339.26 86723.78
   36  -128.90900713 (7.00e-04)     0.01587989      1.2      0.6    1500000 88743.73 88744.47 89129.14
   37  -128.90805584 (6.93e-04)     0.01987665      1.2      0.6    1500000 91149.34 91150.05 91534.32
   38  -128.90942915 (6.41e-04)     0.03276982      1.2      0.6    1500000 93558.53 93559.26 93944.54
   39  -128.90745053 (5.99e-04)     0.01872984      1.2      0.6    1500000 95964.37 95965.11 96349.61
   40  -128.90900539 (6.34e-04)     0.12216182      1.2      0.6    1500000 98373.78 98374.50 98759.40
   41  -128.90784423 (6.09e-04)     0.09032633      1.2      0.6    1500000 100782.60 100783.32 101167.17
   42  -128.90848265 (7.13e-04)     0.03341518      1.2      0.6    1500000 103193.58 103194.33 103578.93
   43  -128.90864557 (6.91e-04)     0.06805156      1.2      0.6    1500000 105597.44 105598.17 105983.11
   44  -128.90865226 (6.21e-04)     0.02881602      1.2      0.6    1500000 108007.80 108008.54 108393.01
   45  -128.90856265 (6.78e-04)     0.03397735      1.2      0.6    1500000 110416.57 110417.29 110801.24
   46  -128.90846926 (6.58e-04)     0.01368394      1.2      0.6    1500000 112824.78 112825.52 113210.09
   47  -128.90767826 (8.06e-04)     0.01377215      1.2      0.6    1500000 115233.08 115233.80 115618.38
   48  -128.90811721 (6.94e-04)     0.03823788      1.2      0.6    1500000 117643.37 117644.10 118027.60
   49  -128.90783059 (5.91e-04)     0.01487003      1.2      0.6    1500000 120047.38 120048.11 120432.58
