JastrowSlater
ghf
complex

maxIter 50
stochasticIter 6000
epsilon 1.e-8
seed 1

#printopt
lm
nondirect
stepsizes 0.1 0.01 0.05 0.5 1.0
hdiagshift 0.1
decay 0.65
CorrSampleFrac 0.35

    0   -75.47034421 (2.23e-03)     0.17563349      2.0      1.0       6000  1260.74  1448.62  1452.73
    1   -75.57479004 (1.09e-03)     0.10121891      1.0      1.0       6000  2082.68  2272.67  2277.77
    2   -75.59147296 (1.30e-03)     0.19727017      1.0      1.0       6000  3538.99  3726.96  3731.35
    3   -75.60120177 (1.20e-03)     0.12901134      1.0      1.0       6000  4990.80  5180.54  5184.63
    4   -75.60782603 (9.91e-04)     0.08268246      1.0      1.0       6000  6445.28  6638.87  6643.48
    5   -75.60909422 (1.03e-03)     0.13787699      1.0      1.0       6000  7902.43  8096.26  8100.30
    6   -75.61717575 (8.72e-04)     0.06674701      1.0      1.0       6000  9360.36  9554.40  9558.42
    7   -75.62039676 (8.52e-04)     0.04889512      1.0      1.0       6000 10819.65 11013.29 11017.28
    8   -75.62301976 (8.63e-04)     0.03749567      1.0      1.0       6000 12276.69 12471.13 12475.35
    9   -75.62499423 (8.07e-04)     0.02593992      1.0      1.0       6000 13735.58 13929.71 13934.09
   10   -75.62645300 (7.83e-04)     0.02586546      1.0      1.0       6000 15193.47 15388.46 15392.51
   11   -75.62774620 (7.79e-04)     0.01994343      1.0      1.0       6000 16652.34 16846.86 16850.85
   12   -75.62789626 (7.21e-04)     0.02040554      1.0      1.0       6000 18109.06 18304.32 18308.33
   13   -75.62800389 (7.45e-04)     0.02015894      1.0      1.0       6000 19568.10 19763.34 19767.36
   14   -75.62898215 (7.34e-04)     0.02197911      1.0      1.0       6000 21026.69 21222.68 21226.68
   15   -75.62791619 (7.13e-04)     0.01853518      1.0      1.0       6000 22487.37 22681.53 22686.48
   16   -75.62809416 (7.04e-04)     0.01918623      1.0      1.0       6000 23949.09 24143.78 24148.00
   17   -75.62855721 (7.33e-04)     0.02408896      1.0      1.0       6000 25407.07 25602.28 25606.54
   18   -75.62836914 (7.73e-04)     0.02820507      1.0      1.0       6000 26866.03 27061.80 27065.81
   19   -75.62915538 (7.36e-04)     0.02218686      1.0      1.0       6000 28326.82 28523.05 28527.12
   20   -75.62905510 (7.78e-04)     0.03185735      1.0      1.0       6000 29788.11 29983.03 29987.27
   21   -75.62839196 (6.98e-04)     0.02753528      1.0      1.0       6000 31249.91 31445.21 31449.20
   22   -75.62942008 (8.92e-04)     0.05466255      1.0      1.0       6000 32708.35 32904.11 32908.14
   23   -75.62991741 (1.59e-03)     0.05213646      1.0      1.0       6000 34171.43 34367.75 34371.87
   24   -75.62941951 (6.97e-04)     0.03487772      1.0      1.0       6000 35633.66 35828.92 35833.30
   25   -75.62923944 (7.20e-04)     0.04538979      1.0      1.0       6000 37095.81 37291.30 37295.29
   26   -75.62894356 (7.44e-04)     0.03373956      1.0      1.0       6000 38556.48 38752.80 38756.80
   27   -75.62924515 (7.17e-04)     0.03627116      1.0      1.0       6000 40017.92 40212.95 40217.14
   28   -75.62892431 (7.95e-04)     0.03389208      1.0      1.0       6000 41478.33 41673.12 41677.52
   29   -75.62983839 (6.88e-04)     0.05407248      1.0      1.0       6000 42937.97 43133.31 43137.77
   30   -75.62950935 (7.18e-04)     0.03358225      1.0      1.0       6000 44400.16 44595.65 44600.50
   31   -75.62888952 (7.31e-04)     0.03718302      1.0      1.0       6000 45860.09 46054.73 46059.77
   32   -75.62902696 (7.69e-04)     0.08345729      1.0      1.0       6000 47323.88 47519.36 47523.38
   33   -75.62941504 (1.37e-03)     0.05984259      1.0      1.0       6000 48783.79 48979.70 48983.74
   34   -75.62976810 (7.49e-04)     0.05081195      1.0      1.0       6000 50245.65 50442.11 50446.12
   35   -75.62952415 (8.07e-04)     0.04279305      1.0      1.0       6000 51707.09 51903.13 51907.19
   36   -75.62986942 (6.90e-04)     0.03573104      1.0      1.0       6000 53171.15 53366.57 53370.70
   37   -75.62949412 (6.84e-04)     0.03128143      1.0      1.0       6000 54631.63 54828.13 54833.45
   38   -75.62991140 (8.18e-04)     0.04283855      1.0      1.0       6000 56095.30 56290.39 56294.97
   39   -75.62945865 (7.10e-04)     0.03606369      1.0      1.0       6000 57557.44 57753.67 57757.66
   40   -75.62972348 (7.18e-04)     0.13252532      1.0      1.0       6000 59019.26 59213.38 59218.49
   41   -75.63028342 (6.95e-04)     0.06359056      1.0      1.0       6000 60480.49 60676.01 60680.01
   42   -75.62976765 (7.73e-04)     0.06614279      1.0      1.0       6000 61941.91 62138.02 62142.04
   43   -75.62908009 (7.24e-04)     0.05618500      1.0      1.0       6000 63403.75 63598.85 63603.28
   44   -75.62997370 (7.41e-04)     0.03209091      1.0      1.0       6000 64863.99 65059.35 65065.00
   45   -75.62971872 (7.76e-04)     0.04552494      1.0      1.0       6000 66327.01 66523.30 66527.44
   46   -75.62968561 (1.03e-03)     0.15084891      1.0      1.0       6000 67790.66 67986.40 67990.40
   47   -75.62987996 (7.21e-04)     0.06197659      1.0      1.0       6000 69252.60 69448.88 69452.88
   48   -75.62920284 (7.43e-04)     0.04537288      1.0      1.0       6000 70714.18 70910.10 70914.20
   49   -75.62982279 (7.09e-04)     0.03624656      1.0      1.0       6000 72176.16 72371.43 72375.57
