JastrowSlater
ghf
complex

maxIter 50
stochasticIter 6000
epsilon 1.e-8
seed 1

#printopt
lm
nondirect
stepsizes 0.1 0.01 0.05 0.5 1.0
hdiagshift 0.1
sdiagshift 1.e-10
decay 0.65
CorrSampleFrac 0.35

    0   -75.47034421 (2.23e-03)     0.17563349      2.0      1.0       6000  1257.66  1448.11  1452.86
    1   -75.58348690 (1.08e-03)     0.07442560      1.0      1.0       6000  2081.57  2274.28  2279.72
    2   -75.60492703 (9.89e-04)     0.05348248      1.0      1.0       6000  3536.60  3731.76  3736.64
    3   -75.61359479 (9.24e-04)     0.03843194      1.0      1.0       6000  4996.20  5191.19  5195.87
    4   -75.61937372 (8.53e-04)     0.03732862      1.0      1.0       6000  6452.87  6649.93  6653.94
    5   -75.62328850 (7.68e-04)     0.03423677      1.0      1.0       6000  7911.62  8107.63  8111.80
    6   -75.62560124 (7.36e-04)     0.03298796      1.0      1.0       6000  9369.22  9563.80  9568.51
    7   -75.62737812 (8.77e-04)     0.03816026      1.0      1.0       6000 10825.75 11020.24 11025.70
    8   -75.62717430 (7.14e-04)     0.02886480      1.0      1.0       6000 12284.29 12479.66 12484.46
    9   -75.62789601 (9.06e-04)     0.05274609      1.0      1.0       6000 13742.96 13939.89 13944.00
   10   -75.62787474 (7.27e-04)     0.05072610      1.0      1.0       6000 15200.98 15396.53 15400.73
   11   -75.62806150 (7.00e-04)     0.02738264      1.0      1.0       6000 16661.89 16858.98 16863.30
   12   -75.62830747 (7.81e-04)     0.03504388      1.0      1.0       6000 18120.86 18317.22 18321.45
   13   -75.62858871 (7.26e-04)     0.03538562      1.0      1.0       6000 19579.58 19775.24 19779.57
   14   -75.62873491 (7.46e-04)     0.02830562      1.0      1.0       6000 21037.20 21232.94 21238.28
   15   -75.62877729 (6.91e-04)     0.03280352      1.0      1.0       6000 22495.30 22691.53 22696.33
   16   -75.62848065 (7.48e-04)     0.06247721      1.0      1.0       6000 23954.72 24150.66 24155.62
   17   -75.62926371 (7.32e-04)     0.03835243      1.0      1.0       6000 25412.94 25610.02 25614.46
   18   -75.62866578 (7.09e-04)     0.03445772      1.0      1.0       6000 26871.69 27068.93 27073.45
   19   -75.62873310 (7.09e-04)     0.04373300      1.0      1.0       6000 28330.78 28527.11 28532.37
   20   -75.62894490 (7.48e-04)     0.03831369      1.0      1.0       6000 29789.96 29987.31 29991.55
   21   -75.62871284 (7.01e-04)     0.03680791      1.0      1.0       6000 31248.72 31445.12 31449.98
   22   -75.62970226 (7.18e-04)     0.03783106      1.0      1.0       6000 32706.53 32903.77 32908.58
   23   -75.62852832 (7.03e-04)     0.03697573      1.0      1.0       6000 34169.13 34365.21 34370.42
   24   -75.62943650 (8.46e-04)     0.06814144      1.0      1.0       6000 35628.38 35825.10 35829.83
   25   -75.62876522 (6.96e-04)     0.04663457      1.0      1.0       6000 37087.01 37284.12 37288.32
   26   -75.62858085 (7.09e-04)     0.04746339      1.0      1.0       6000 38545.32 38742.82 38746.86
   27   -75.62910300 (6.94e-04)     0.03713669      1.0      1.0       6000 40004.28 40202.12 40206.10
   28   -75.62910786 (8.10e-04)     0.03970304      1.0      1.0       6000 41462.96 41661.05 41665.41
   29   -75.62963186 (9.34e-04)     0.04511118      1.0      1.0       6000 42922.67 43119.15 43124.19
   30   -75.62946670 (7.01e-04)     0.03906783      1.0      1.0       6000 44383.37 44580.10 44585.22
   31   -75.62974780 (7.33e-04)     0.05628184      1.0      1.0       6000 45843.00 46040.09 46044.63
   32   -75.62933947 (7.35e-04)     0.05034884      1.0      1.0       6000 47301.64 47498.51 47503.32
   33   -75.63000158 (7.07e-04)     0.05648737      1.0      1.0       6000 48761.30 48959.40 48963.84
   34   -75.62919389 (6.92e-04)     0.03036124      1.0      1.0       6000 50221.36 50419.03 50423.12
   35   -75.62956238 (7.27e-04)     0.03613729      1.0      1.0       6000 51679.90 51877.64 51881.62
   36   -75.63007173 (7.22e-04)     0.05414160      1.0      1.0       6000 53139.47 53335.59 53340.69
   37   -75.63003911 (7.45e-04)     0.05256075      1.0      1.0       6000 54599.07 54796.29 54800.67
   38   -75.62971338 (7.06e-04)     0.04048895      1.0      1.0       6000 56057.23 56253.72 56257.72
   39   -75.62957924 (7.05e-04)     0.05053264      1.0      1.0       6000 57516.42 57713.20 57717.58
   40   -75.62927172 (8.22e-04)     0.06081549      1.0      1.0       6000 58975.20 59172.30 59176.30
   41   -75.62954385 (7.31e-04)     0.06358026      1.0      1.0       6000 60433.54 60630.08 60634.31
   42   -75.62994372 (7.85e-04)     0.04663103      1.0      1.0       6000 61892.47 62089.35 62094.19
   43   -75.62991523 (6.81e-04)     0.04281369      1.0      1.0       6000 63352.22 63548.40 63553.46
   44   -75.62960492 (7.49e-04)     0.04210099      1.0      1.0       6000 64810.54 65006.64 65011.59
   45   -75.62966941 (6.81e-04)     0.03435950      1.0      1.0       6000 66269.67 66466.03 66470.51
   46   -75.63000837 (7.19e-04)     0.03024310      1.0      1.0       6000 67729.23 67927.01 67931.15
   47   -75.62986911 (6.83e-04)     0.05442007      1.0      1.0       6000 69188.49 69384.96 69389.41
   48   -75.62964473 (6.84e-04)     0.03903171      1.0      1.0       6000 70645.82 70842.48 70847.47
   49   -75.63010558 (7.21e-04)     0.03517306      1.0      1.0       6000 72105.28 72301.97 72306.97
