                 #0                 #1                 #2                 #3                 #4                 #5                 #6                 #7                 #8                 #9                
0       1.00000000000000   0.68486025149275   0.00000000000000   0.00000000000000   0.00000000000000   0.57003153953518   0.56527745414798   0.00000000000000   0.00000000000000  -0.53738637351691
1       0.68486025149275   1.00000000000000   0.00000000000000   0.00000000000000   0.00000000000000   0.56527745414798   0.88731076757580   0.00000000000000   0.00000000000000  -0.16426910460561
2       0.00000000000000   0.00000000000000   1.00000000000000   0.00000000000000   0.00000000000000   0.00000000000000   0.00000000000000   0.49043623913313   0.00000000000000   0.00000000000000
3       0.00000000000000   0.00000000000000   0.00000000000000   1.00000000000000   0.00000000000000   0.00000000000000   0.00000000000000   0.00000000000000   0.49043623913313   0.00000000000000
4       0.00000000000000   0.00000000000000   0.00000000000000   0.00000000000000   1.00000000000000   0.53738637351691   0.16426910460561   0.00000000000000   0.00000000000000  -0.20839616673245
5       0.57003153953518   0.56527745414798   0.00000000000000   0.00000000000000   0.53738637351691   1.00000000000000   0.68486025149275   0.00000000000000   0.00000000000000   0.00000000000000
6       0.56527745414798   0.88731076757580   0.00000000000000   0.00000000000000   0.16426910460561   0.68486025149275   1.00000000000000   0.00000000000000   0.00000000000000   0.00000000000000
7       0.00000000000000   0.00000000000000   0.49043623913313   0.00000000000000   0.00000000000000   0.00000000000000   0.00000000000000   1.00000000000000   0.00000000000000   0.00000000000000
8       0.00000000000000   0.00000000000000   0.00000000000000   0.49043623913313   0.00000000000000   0.00000000000000   0.00000000000000   0.00000000000000   1.00000000000000   0.00000000000000
9      -0.53738637351691  -0.16426910460561   0.00000000000000   0.00000000000000  -0.20839616673245   0.00000000000000   0.00000000000000   0.00000000000000   0.00000000000000   1.00000000000000
