jastrowslater
ghf
maxIter 50
stochasticIter 1500000
complex
seed 1
#restart

realspacesto
nalpha 5
nbeta 5
norbs 10

lm
nondirect
hdiagshift 0.1
sdiagshift 1.e-10
decay 0.65
stepsizes 0.1 0.01 0.05 0.5 1.0
corrsamplefrac 0.35

printVars
#printOpt

Number of Jastrow vars: 92
Number of Reference vars: 401
    0  -126.69889987 (2.74e-03)    18.61730243      2.9      0.6    1500000  1307.03  1307.89  1520.96
    1  -128.51277349 (2.26e-03)     2.01811908      2.3      0.6    1500000  2861.16  2861.98  3074.12
    2  -128.82363294 (1.19e-03)     0.79593584      1.6      0.6    1500000  4413.33  4414.16  4625.03
    3  -128.87279078 (9.15e-04)     0.07797272      1.5      0.6    1500000  5962.96  5963.81  6174.27
    4  -128.88839163 (1.11e-03)     0.03229685      1.5      0.6    1500000  7517.36  7518.19  7728.71
    5  -128.89022881 (8.75e-04)     0.27330955      1.4      0.6    1500000  9069.07  9069.90  9280.00
    6  -128.89122577 (1.03e-03)     0.06073400      1.5      0.6    1500000 10622.50 10623.36 10833.18
    7  -128.89519587 (8.63e-04)     0.10520923      1.4      0.6    1500000 12172.44 12173.27 12383.16
    8  -128.89839296 (8.60e-04)     0.02268638      1.3      0.6    1500000 13723.24 13724.09 13934.41
    9  -128.89844730 (8.67e-04)     0.03476596      1.4      0.6    1500000 15275.12 15276.00 15486.35
   10  -128.90143973 (9.01e-04)     0.09858665      1.4      0.6    1500000 16827.60 16828.46 17038.65
   11  -128.90119769 (7.92e-04)     0.03022988      1.4      0.6    1500000 18380.84 18381.75 18593.49
   12  -128.90328144 (8.86e-04)     0.05198145      1.3      0.6    1500000 19931.68 19932.56 20142.88
   13  -128.90373886 (6.61e-04)     0.04625700      1.3      0.6    1500000 21484.33 21485.26 21695.43
   14  -128.90599338 (7.62e-04)     0.03925151      1.3      0.6    1500000 23034.59 23035.48 23246.39
   15  -128.90592095 (6.60e-04)     0.03015947      1.2      0.6    1500000 24586.08 24586.92 24797.69
   16  -128.90685498 (6.36e-04)     0.03280634      1.2      0.6    1500000 26137.54 26138.39 26349.57
   17  -128.90753883 (2.04e-03)     0.03761529      1.2      0.6    1500000 27685.83 27686.67 27897.20
   18  -128.90697626 (7.43e-04)     0.02024418      1.2      0.6    1500000 29235.76 29236.61 29447.26
   19  -128.90645636 (7.24e-04)     0.05901639      1.3      0.6    1500000 30785.85 30786.73 30997.43
   20  -128.90710717 (8.45e-04)     0.07359321      1.3      0.6    1500000 32338.10 32339.05 32549.48
   21  -128.90676134 (6.32e-04)     0.02234987      1.2      0.6    1500000 33887.05 33887.92 34098.41
   22  -128.90719160 (8.95e-04)     0.01873379      1.3      0.6    1500000 35435.24 35436.13 35646.67
   23  -128.90707754 (6.54e-04)     0.01997208      1.2      0.6    1500000 36993.43 36994.29 37204.30
   24  -128.90804072 (5.94e-04)     0.01511541      1.2      0.6    1500000 38550.55 38551.48 38761.85
   25  -128.90874512 (6.18e-04)     0.02444316      1.3      0.6    1500000 40100.70 40101.60 40311.94
   26  -128.90828211 (7.15e-04)     0.01279223      1.3      0.6    1500000 41656.00 41656.89 41867.24
   27  -128.90716232 (8.58e-04)     0.01745147      1.2      0.6    1500000 43206.50 43207.39 43417.91
   28  -128.90852800 (6.59e-04)     0.02723319      1.2      0.6    1500000 44759.89 44760.75 44970.97
   29  -128.90939294 (8.47e-04)     0.02124001      1.3      0.6    1500000 46308.73 46309.64 46520.19
   30  -128.90899141 (8.35e-04)     0.03009887      1.2      0.6    1500000 47863.03 47863.90 48074.48
   31  -128.90880046 (6.48e-04)     0.02677046      1.2      0.6    1500000 49412.43 49413.30 49624.15
   32  -128.90858979 (6.76e-04)     0.02971821      1.2      0.6    1500000 50960.63 50961.54 51171.62
   33  -128.90796547 (6.42e-04)     0.02031624      1.2      0.6    1500000 52507.32 52508.20 52718.90
   34  -128.90795594 (6.78e-04)     0.02277677      1.2      0.6    1500000 54055.84 54056.73 54267.95
   35  -128.90751083 (6.19e-04)     0.01651174      1.2      0.6    1500000 55601.20 55602.05 55812.84
   36  -128.90882015 (6.11e-04)     0.01846695      1.2      0.6    1500000 57157.48 57158.34 57368.81
   37  -128.90742237 (6.46e-04)     0.02333505      1.2      0.6    1500000 58709.65 58710.54 58920.76
   38  -128.90833863 (6.06e-04)     0.02365961      1.2      0.6    1500000 60264.36 60265.22 60475.77
   39  -128.91019219 (9.23e-04)     0.04616565      1.2      0.6    1500000 61824.54 61825.43 62035.86
   40  -128.90737196 (6.02e-04)     0.05129700      1.2      0.6    1500000 63377.58 63378.45 63588.61
   41  -128.90768128 (7.06e-04)     0.01337755      1.2      0.6    1500000 64923.49 64924.36 65134.95
   42  -128.90929353 (6.90e-04)     0.18274731      1.2      0.6    1500000 66472.85 66473.69 66683.81
   43  -128.90610134 (7.22e-04)     0.03801909      1.2      0.6    1500000 68022.52 68023.44 68187.10
