0
0.0138977
0.0140629
0.0128707
0.0112161
0.00951516
0
0.0315423
0.0227025
0.0161371
0.0117223
0.00876218
0.083511
0.0522624
0.0309947
0.0198505
0.0137887
0.010154
0.0682382
0.0548934
0.0438076
0.0348363
0.0276771
0.1093
0.0821952
0.0623269
0.0476173
0.0366324
0.0417916
0.0332429
0.0263862
0.0209417
0.0694532
0.0520705
0.0394276
0.0301131
0.0420033
0.0314003
0.0237312
0.0248111
0.0198149
0.0158152
0.0438595
0.033045
0.0251458
0.0251251
0.0188563
0.0140384
0.0159381
0.0127915
0.0293095
0.0222434
0.0160186
0.0110879
0.0206335
0.114279
0.0778295
0.054397
0.0391597
0.0289512
0.172827
0.113764
0.0784103
0.0559687
0.0410433
0.067906
0.0461802
0.0326659
0.023865
0.107387
0.0718723
0.0503701
0.0364708
0.0671071
0.0455791
0.0323101
0.0405971
0.0280984
0.0202564
0.0682294
0.0467201
0.0333497
0.0429523
0.0296437
0.0276023
0.0265969
0.0188131
0.0463914
0.0324634
0.0294094
0.0189201
0.0333335
0
0.0745619
0.00204925
-0.0746125
-0.000131707
-0.0197939
-0.00384586
0.0198376
0.00094319
-0.0224788
0.00287209
0.0224146
-0.000727558
0.00644069
0.000375883
-0.00641352
-0.000357977
-0.0889301
0.00228563
0.0888874
-0.00186611
0.0323805
0.00403633
-0.0323538
-0.00137083
-0.0244551
0.000511441
0.0244547
-0.00254269
0.0103929
0.00199277
-0.0103387
-0.000559523
0.0119409
-0.000443566
-0.0119177
-0.0026112
-0.00658204
0.000670656
0.00664329
-5.45837e-05
-9.201e-05
-0.000218592
9.7209e-05
-7.96855e-05
0.000484593
0.000444773
-0.000470333
-0.000713561
7.41298e-05
2.46078e-05
-8.65084e-05
-0.000161154
0.00152413
0.000848279
-0.00152643
-9.99769e-06
0.000431366
7.80756e-05
-0.000442404
-0.000183969
0.00199274
0.00020378
-0.00199644
-0.000657873
0.00104228
-0.000264178
-0.00104092
-4.33963e-05
0.00159792
0.000195628
-0.00158367
-0.000572408
0.000961252
-9.06698e-05
-0.00097039
2.50218e-05
-7.19551e-05
0.000700941
6.64425e-05
3.95436e-05
0.000616195
1.61819e-05
-0.000632525
-0.000174965
0.00243756
0.000146707
-0.00244578
-0.000576038
-0.0327592
0.000761545
0.0327632
-0.00300374
0.016573
0.00243955
-0.0165178
-0.000629164
-0.00471592
-0.000104596
0.00470881
0.000225231
-0.00132092
0.000299223
0.00131443
-0.000288147
0.00204569
-0.000232284
-0.00204258
0.000257309
0.00136561
-1.10511e-05
-0.00137231
4.38251e-06
-0.0356339
0.000556899
0.0356216
-0.00265021
0.0173925
0.00238546
-0.017325
-0.00104075
0.00124113
7.75833e-05
-0.00123948
-1.39639e-05
4.7285e-05
-9.76204e-05
-4.7292e-05
3.7022e-05
-0.0351187
0.000771548
0.0351139
-0.00275692
0.018065
0.00271364
-0.018011
-0.000562629
-0.0742373
-0.000122728
-0.0741511
-0.00137522
0.0182166
0.000398704
0.018194
-0.00246598
0.0223122
-9.69944e-05
0.0223863
0.000552052
-0.00589806
-0.000517814
-0.00589905
3.87329e-05
0.0878683
0.000190671
0.087915
0.00127523
-0.0303287
-0.00151552
-0.0303349
0.00173234
0.0243845
0.000252835
0.0244267
-0.000880289
-0.00960191
-0.00137044
-0.0096404
-1.65547e-05
-0.0121127
0.000123435
-0.0120763
-0.00193121
0.0061813
-0.0011649
0.00613187
-0.00094105
-0.00272695
-5.86201e-05
-0.0027316
-0.00018435
0.000360598
2.25729e-05
0.000347742
0.000276336
-0.000136811
-0.00012249
-0.000147939
-0.000129079
0.000831287
8.58225e-05
0.000818396
0.000657988
-0.00322089
-0.000135745
-0.00322623
-7.33718e-05
6.18635e-05
0.000143437
6.42545e-05
0.000144874
-0.00532859
-6.64312e-05
-0.00532469
-0.000297297
0.0002277
-6.90397e-05
0.000209543
9.83306e-05
0.000136241
-0.000137728
0.000123908
-4.61679e-05
-0.000648486
-6.96475e-07
-0.000655432
0.000544896
0.000279895
-3.89397e-05
0.000271232
0.000109132
-0.000594883
0.000221951
-0.000588966
0.000291143
0.0345968
0.000369981
0.0346426
-0.000823982
-0.0150981
-0.00148847
-0.0151377
0.000100336
-0.00219894
-5.08422e-05
-0.00220678
3.93576e-05
0.000145743
2.67598e-05
0.000145201
-2.49786e-05
0.0020175
-5.22696e-06
0.00202012
2.16613e-05
-0.00173548
6.74626e-05
-0.00172997
-4.83246e-05
0.0335157
0.000408303
0.0335595
-0.000676234
-0.0158506
-0.00159313
-0.0158969
0.000225648
-0.00262741
-4.80737e-05
-0.00261625
-0.000174113
0.00097474
2.88151e-05
0.000974941
-9.66977e-06
0.0349292
0.000303032
0.0349763
-0.000773505
-0.0170033
-0.00156128
-0.0170414
0.000232617
