   104.89   104.89   104.89
   209.89   209.89   209.89
   314.49   314.49   314.49
   419.48   419.48   419.48
   524.21   524.21   524.21
   629.00   629.00   629.00
   738.73   738.73   738.73
   843.48   843.48   843.48
   949.57   949.57   949.57
  1054.38  1054.38  1054.38
  1160.70  1160.70  1160.70
  1265.47  1265.47  1265.47
  1370.25  1370.25  1370.25
  1475.24  1475.24  1475.24
  1580.35  1580.35  1580.35
  1685.01  1685.01  1685.01
  1789.71  1789.71  1789.71
  1894.21  1894.21  1894.21
  1998.52  1998.52  1998.52
  2102.97  2102.97  2102.97
  2207.81  2207.81  2207.81
  2312.58  2312.58  2312.58
  2416.61  2416.61  2416.61
  2520.59  2520.59  2520.59
  2624.88  2624.88  2624.89
  3011.54  3143.17  3309.06
  3759.91  3999.37  4165.30
  4651.91  4897.70  5063.11
  5515.34  5763.16  5929.63
  6363.97  6582.22  6747.86
  7147.14  7390.66  7556.69
  7923.78  8127.14  8295.11
  8671.88  8862.96  9029.42
  9450.33  9702.25  9867.84
 10254.25 10564.96 10732.75
 11154.35 11522.95 11688.89
 12073.75 12346.21 12513.43
 12932.50 13330.05 13495.92
 13809.14 13992.24 14158.08
 14405.11 14514.43 14681.05
 15013.74 15172.11 15337.99
 15650.91 15965.54 16132.63
 16428.78 16685.07 16851.29
 17199.80 17392.16 17559.71
 17968.81 18310.33 18476.84
 18843.85 19057.09 19223.63
 19589.40 19828.85 19996.21
 20431.46 20651.06 20817.18
 21166.92 21341.25 21508.26
 21904.09 22087.52 22254.03
 22738.15 22932.72 23098.74
 23624.81 23919.68 24086.09
 24571.88 24792.22 24958.12
 25392.91 25779.88 25946.33
 26452.39 26705.82 26872.61
 27323.79 27448.87 27615.04
 28220.88 28484.06 28651.76
 29290.36 29687.06 29853.38
 30406.42 30948.74 31115.07
 31690.32 31986.11 32152.77
 32871.47 33168.75 33334.63
 33911.95 34164.06 34331.64
 34938.56 35203.47 35369.18
 35976.52 36210.29 36376.13
 37145.69 37744.61 37911.18
 38517.36 38781.74 38949.04
 39625.09 39780.61 39947.52
 40552.85 40755.64 40921.87
 41694.95 41996.01 42162.73
 42932.59 43328.87 43496.28
 44215.81 44588.60 44755.85
 45653.75 46007.39 46175.15
 46894.15 47244.54 47412.90
 48132.75 48564.84 48731.94
 49561.81 49970.83 50137.58
 50907.86 51625.23 51791.74
 52620.75 53247.84 53415.65
 54135.12 54380.15 54547.39
 55374.84 55889.36 56056.20
 56954.89 57278.06 57444.11
 58213.78 58555.26 58721.46
 59621.78 60067.20 60232.93
 61008.00 61389.08 61555.53
 62450.90 62828.60 62995.47
 63765.82 64142.33 64308.82
 65138.20 65484.72 65651.02
 66550.63 66879.15 67045.34
 67873.09 68301.99 68468.26
 69366.28 69859.52 70026.23
 70926.07 71416.16 71582.03
 72665.76 73379.55 73546.49
 74374.82 74655.24 74821.70
 75800.44 76598.63 76764.79
 77591.83 77851.08 78017.91
 78996.77 79741.23 79908.85
 80802.74 81554.09 81721.17
 82703.37 83243.62 83410.34
 84391.18 84748.98 84916.93
 85896.93 86206.56 86372.81
 87269.73 87809.34 87976.57
 88874.08 89483.61 89650.76
 90630.31 91145.78 91312.95
 92211.83 92589.14 92755.19
 93734.20 94147.32 94313.86
 95294.92 95784.05 95950.49
 96930.03 97364.52 97531.81
 98514.00 99184.46 99352.08
 100432.45 100885.81 101052.09
 101883.29 102317.36 102483.23
 103562.10 104019.14 104185.89
 105166.31 105650.34 105816.75
 106715.47 107118.91 107285.51
 108266.03 108623.96 108790.36
 109691.10 110069.36 110237.07
 111008.20 111346.20 111512.32
 112589.18 113037.46 113204.48
 114103.70 114338.38 114504.70
 115333.59 115787.41 115953.88
 117034.12 117687.82 117854.21
 118835.40 119374.83 119542.69
 120441.54 121213.77 121380.43
 122364.39 122754.34 122920.87
 124003.13 124315.98 124482.34
