    1.60     1.60     1.60
    8.79    10.94    13.24
   19.56    22.45    24.75
   33.07    34.91    37.18
   44.36    47.03    49.27
   54.09    56.57    58.86
   66.03    70.82    73.10
   80.25    83.84    86.12
   99.20   105.04   107.36
  115.76   118.60   120.89
  140.35   145.47   147.79
  160.93   162.81   165.34
  184.76   187.63   189.98
  203.26   205.94   208.24
  227.67   233.26   235.56
  242.78   244.56   246.84
  257.03   259.95   262.24
  281.57   284.63   287.01
  300.15   302.34   304.62
  324.01   327.52   329.80
  342.90   345.19   347.50
  367.08   369.55   371.89
  391.32   396.21   398.52
  408.78   410.70   413.03
  432.40   435.41   437.74
  457.10   462.07   464.45
  483.92   486.12   488.41
  507.86   511.29   513.60
  533.02   538.10   540.42
  559.85   561.57   563.89
  583.26   585.30   587.61
  600.78   602.09   604.38
  623.82   626.47   628.74
  648.14   650.07   652.38
  672.10   675.01   677.35
  696.70   698.19   700.52
  719.96   721.04   723.37
  742.81   746.80   749.17
  768.63   771.92   774.38
  787.67   788.61   791.11
  810.58   812.53   815.05
  834.67   837.03   839.50
  859.02   860.85   863.34
  882.78   885.64   888.04
  907.46   909.24   911.85
  931.32   934.71   937.17
  957.10   959.03   961.40
  980.89   982.00   984.39
 1003.92  1007.14  1009.69
 1029.21  1030.62  1033.06
 1052.58  1053.88  1056.36
 1075.91  1077.55  1080.04
 1099.61  1101.44  1103.92
 1123.37  1126.62  1129.15
 1148.68  1150.12  1152.58
 1172.13  1173.40  1175.84
 1195.38  1197.03  1199.57
 1219.13  1223.49  1225.97
 1245.49  1248.64  1251.05
 1270.80  1271.91  1274.42
 1294.05  1295.18  1297.61
 1317.17  1321.89  1324.29
 1337.62  1344.91  1347.28
 1360.56  1362.22  1364.72
 1384.26  1387.17  1389.63
 1409.24  1411.10  1413.55
 1433.15  1435.91  1438.52
 1458.10  1459.40  1461.86
 1481.42  1483.81  1486.42
 1505.96  1508.12  1510.71
 1530.30  1538.62  1541.16
 1561.20  1563.51  1566.00
 1585.65  1587.50  1589.97
 1609.52  1612.59  1615.10
 1634.65  1638.03  1640.51
 1660.04  1662.59  1665.21
 1684.76  1687.50  1690.00
 1709.50  1710.99  1713.35
 1726.68  1729.69  1732.08
 1751.63  1753.05  1755.55
 1775.05  1782.94  1785.45
 1804.94  1807.50  1809.89
 1829.40  1831.00  1833.39
 1852.98  1857.43  1859.76
 1879.27  1880.74  1883.10
 1902.51  1904.06  1906.52
 1925.99  1928.66  1931.03
 1944.30  1948.13  1950.51
 1970.10  1971.37  1973.74
 1993.27  1994.89  1997.36
 2016.85  2021.33  2023.82
 2043.43  2044.92  2047.39
 2066.95  2067.88  2070.31
 2089.85  2094.22  2096.69
 2116.26  2117.74  2120.17
 2133.41  2135.49  2137.89
 2157.84  2163.04  2165.46
 2184.98  2186.76  2189.13
 2208.64  2212.39  2214.77
 2234.28  2235.98  2238.52
