-10.19187406    -10.19187406    -10.19217565
-10.22170477    -10.18467743    -10.44168127
-10.28963511    -10.18398479    -10.45721230
-10.33191726    -10.18700891    -10.46636500
-10.37750764    -10.18841292    -10.47492087
-10.41187192    -10.18924554    -10.47931758
-10.42549176    -10.19059962    -10.48443587
-10.42906460    -10.19571920    -10.48952034
-10.42253978    -10.19796931    -10.49274006
-10.42600559    -10.19824940    -10.49735393
-10.43108597    -10.19925523    -10.49931602
-10.44353387    -10.20292463    -10.50252223
-10.46090194    -10.20175709    -10.50389202
-10.47149138    -10.20425970    -10.50430805
-10.48280657    -10.20874764    -10.50793009
-10.49470925    -10.20857241    -10.51157618
-10.50816320    -10.20939740    -10.51237808
-10.51288551    -10.21177734    -10.51494514
-10.52052494    -10.21313227    -10.51640278
-10.52695689    -10.21763042    -10.51566879
-10.52950086    -10.21907011    -10.51753358
-10.53176505    -10.22220445    -10.51918071
-10.53366766    -10.22531558    -10.52105188
-10.53618207    -10.22532435    -10.52210289
-10.53353437    -10.22293406    -10.52396747
-10.53774279    -10.22587454    -10.52413678
-10.53569940    -10.22710254    -10.52638584
-10.53916650    -10.23152802    -10.52644623
-10.54018059    -10.22802872    -10.52732385
-10.54145599    -10.23901117    -10.52718436
-10.54141004    -10.23363764    -10.52936321
-10.54485344    -10.23707832    -10.52965727
-10.54353983    -10.23603890    -10.53051380
-10.54669661    -10.23878217    -10.53243506
-10.54788009    -10.23824265    -10.53212564
-10.54810236    -10.24058949    -10.53444795
-10.55155325    -10.24227031    -10.53424899
-10.54993502    -10.24163797    -10.53465524
-10.55081482    -10.24760074    -10.53494751
-10.55078748    -10.24795464    -10.53680914
