    17.07    17.07    17.07
    34.47    34.47    34.47
    52.03    52.03    52.03
    69.42    69.42    69.42
    87.11    87.11    87.11
   104.62   104.62   104.62
   122.18   122.18   122.18
   139.80   139.80   139.80
   157.22   157.22   157.22
   175.06   175.06   175.06
   242.50   262.10   290.78
   363.01   374.42   403.27
   485.31   515.66   544.19
   626.58   670.66   699.57
   788.74   830.07   859.45
   949.06   977.52  1006.56
  1104.64  1153.91  1182.87
  1291.07  1358.69  1387.50
  1477.21  1515.67  1544.62
  1665.91  1743.72  1772.69
  1894.08  1932.12  1961.08
  2026.16  2063.73  2092.85
  2175.63  2213.23  2242.22
  2325.13  2396.04  2425.24
  2533.32  2632.70  2661.55
  2759.39  2779.95  2808.85
  2973.89  3023.37  3052.28
  3191.71  3216.84  3246.16
  3336.11  3394.55  3423.54
  3532.00  3554.23  3583.15
  3722.38  3804.42  3833.60
  3954.78  4014.69  4043.66
  4165.75  4205.48  4234.36
  4373.97  4433.13  4462.17
  4539.33  4603.72  4632.68
  4754.40  4781.61  4810.46
  5013.84  5068.78  5097.78
  5219.61  5308.27  5337.23
  5458.94  5566.63  5595.49
  5760.33  5865.30  5894.28
  6059.18  6083.67  6112.62
  6277.77  6304.22  6333.18
  6473.10  6509.04  6538.28
  6678.49  6712.28  6741.18
  6862.83  6909.23  6938.15
  7102.67  7148.05  7176.96
  7316.34  7341.66  7370.49
  7510.52  7545.86  7574.73
  7777.57  7823.55  7852.52
  7992.41  8015.05  8044.33
  8247.10  8267.74  8296.68
  8404.75  8440.58  8469.56
  8633.34  8722.58  8751.53
  8890.59  8929.93  8959.10
  9079.99  9199.27  9228.21
  9367.50  9406.56  9435.53
  9556.94  9599.90  9628.82
  9830.95  9870.90  9899.90
 10063.42 10113.35 10142.61
 10306.58 10339.41 10368.22
 10570.50 10607.14 10636.07
 10799.68 10893.45 10922.38
 11086.19 11099.09 11127.94
 11330.25 11420.09 11449.00
 11651.66 11684.73 11713.54
 11820.74 11849.99 11878.92
 12081.73 12127.67 12156.52
 12320.80 12353.37 12382.20
 12585.00 12613.12 12641.99
 12762.71 12800.74 12829.56
 13032.32 13053.92 13082.83
 13285.59 13326.59 13355.35
 13557.72 13571.61 13600.54
 13803.21 13820.74 13849.73
 14013.58 14023.87 14052.71
 14255.05 14353.64 14382.74
 14546.80 14580.92 14609.77
 14773.82 14816.69 14845.56
 15009.78 15038.36 15067.22
 15231.46 15246.21 15275.08
 15438.66 15503.24 15532.02
 15696.10 15729.13 15758.07
 15960.47 16004.30 16033.17
 16154.26 16254.62 16283.47
 16485.83 16565.78 16594.68
 16862.45 16967.64 16996.51
 17200.07 17260.71 17289.65
 17428.84 17440.96 17469.96
 17672.70 17693.72 17722.64
 17861.19 17928.53 17957.46
 18121.30 18165.89 18194.88
 18316.07 18346.25 18375.20
 18577.84 18615.57 18644.50
 18847.45 18879.85 18908.88
 19111.51 19171.94 19200.96
 19403.74 19416.65 19445.80
 19610.23 19623.09 19652.12
 19855.40 19887.36 19916.23
 20118.51 20198.61 20227.57
 20367.21 20503.00 20531.85
